T_real(K) R(OHm) 
150.82  0.5801
150.04  0.5770
149.33  0.5722
148.63  0.5701
147.92  0.5690
147.22  0.5701
146.53  0.5680
145.9  0.5670
145.84  0.5670
145.15  0.5651
145.15  0.5650
144.46  0.5639
144.46  0.5640
143.78  0.5660
143.1  0.5678
142.42  0.5701
141.75  0.5712
141.08  0.5707
140.41  0.5711
140.41  0.5701
140.15  0.5690
140.08  0.5686
139.75  0.5684
139.09  0.5680
138.43  0.5680
138.43  0.5670
137.26  0.5680
136.54  0.5670
135.84  0.5670
135.19  0.5670
134.55  0.5679
133.86  0.5660
133.35  0.5650
132.72  0.5648
132.59  0.5640
131.97  0.5630
131.34  0.5630
130.72  0.5620
130.11  0.5618
129.49  0.5610
128.88  0.5590
128.27  0.5590
127.67  0.5580
127.36  0.5580
127.06  0.5578
126.46  0.5550
125.87  0.5500
125.27  0.5474
124.68  0.5459
124.09  0.5459
122.92  0.5459
121.88  0.5469
121.76  0.5600
121.76  0.5620
121.19  0.5616
120.62  0.5540
119.42  0.6815
118.3  0.6797
118.3  0.6825
118.3  0.6875
117.74  0.6895
116.63  0.6888
115.53  0.6868
114.99  0.6876
114.99  0.6816
114.77  0.6786
113.9  0.6776
113.37  0.6766
112.3  0.6754
111.24  0.6754
111.24  0.6753
111.24  0.6754
110.46  0.6786
109.21  0.6795
108.44  0.6766
107.62  0.6745
107.11  0.6734
106.61  0.6735
106.05  0.6735
105.85  0.6724
105.05  0.6725
104.56  0.6734
103.87  0.6738
103.09  0.6725
102.6  0.6715
102.11  0.6719
101.63  0.6705
101.15  0.6701
100.44  0.6695
99.73  0.6688
99.26  0.6685
98.32  0.6695
97.86  0.6686
96.99  0.6689
96.48  0.6691
95.57  0.6684
94.68  0.6681
94.18  0.6674
93.3  0.6656
92.86  0.6644
91.99  0.6635
91.55  0.6625
91.12  0.6623
90.52  0.6619
90.26  0.6611
89.67  0.6601
88.99  0.6590
88.16  0.6595
87.74  0.6595
86.91  0.6590
86.51  0.6585
85.69  0.6589
85.29  0.6595
84.45  0.6605
83.65  0.6605
82.87  0.6595
82.48  0.6595
81.7  0.6585
81.32  0.6579
80.55  0.6575
79.79  0.6565
79.42  0.6559
78.67  0.6551
78.3  0.6545
77.57  0.6534
77.2  0.6524
76.47  0.6524
75.76  0.6518
75.36  0.6504
74.66  0.6504
73.82  0.6494
72.98  0.6484
72.23  0.6474
71.55  0.6474
70.61  0.6468
69.88  0.6460
68.9  0.6463
67.94  0.6463
66.98  0.6454
66.2  0.6446
65.39  0.6444
64.47  0.6440
63.6  0.6424
62.67  0.6423
61.85  0.6414
61.1  0.6414
60.36  0.6404
59.76  0.6398
58.65  0.6394
57.28  0.6384
55.95  0.6375
54.91  0.6374
53.68  0.6374
52.85  0.6378
51.87  0.6364
51.14  0.6364
50.24  0.6354
49.72  0.6354
49.25  0.6350
48.56  0.6348
48.13  0.6340
47.88  0.6344
47.59  0.6344
47.19  0.6334
47.01  0.6327
46.75  0.6323
46.31  0.6323
45.67  0.6327
45.37  0.6323
44.86  0.6327
45.41  0.6323
44.65  0.6313
44.61  0.6313
44.61  0.6303
44.19  0.6303
43.98  0.6302
43.96  0.6297
43.96  0.6293
43.98  0.6293
44.19  0.6293
44.19  0.6291
43.98  0.6285
43.78  0.6283
43.78  0.6283
43.57  0.6283
43.57  0.6278
44.4  0.6273
45.88  0.6283
46.53  0.6283
46.99  0.6282
47.17  0.6273
47.19  0.6278
47.01  0.6273
46.68  0.6273
46.58  0.6273
46.01  0.6273
45.88  0.6275
45.49  0.6274
45.37  0.6288
45.03  0.6283
44.61  0.6283
44.4  0.6283
44.19  0.6282
43.98  0.6273
43.82  0.6277
43.78  0.6282
43.78  0.6283
43.57  0.6283
43.18  0.6293
42.6  0.6293
42.16  0.6293
42.14  0.6293
42.14  0.6302
41.55  0.6312
40.97  0.6313
40.59  0.6308
40.4  0.6313
40.21  0.6313
40.03  0.6323
39.65  0.6332
39.13  0.6338
38.73  0.6338
38.19  0.6344
37.82  0.6344
37.47  0.6354
37.12  0.6358
36.77  0.6364
36.43  0.6374
36.09  0.6378
35.75  0.6384
35.42  0.6394
35.09  0.6404
34.7  0.6414
34.38  0.6424
34.06  0.6432
33.64  0.6444
33.32  0.6458
32.88  0.6474
32.55  0.6484
32.24  0.6502
31.88  0.6518
31.5  0.6534
31.21  0.6555
30.8  0.6575
30.49  0.6595
30.19  0.6615
29.91  0.6645
29.91  0.6654
29.64  0.6665
29.25  0.6685
28.81  0.6705
28.41  0.6729
28.02  0.6756
27.64  0.6785
27.32  0.6814
26.99  0.6850
26.61  0.6886
26.36  0.6926
26.0  0.6967
25.54  0.7017
25.07  0.7061
24.61  0.7107
24.14  0.7161
23.68  0.7218
23.14  0.7278
22.62  0.7347
22.15  0.7419
21.69  0.7507
21.18  0.7600
20.6  0.7694
19.95  0.7794
19.23  0.7895
18.44  0.8009
17.61  0.8126
16.82  0.8247
15.99  0.8361
14.95  0.8443
13.56  0.8514
11.81  0.8548
9.64  0.8563
6.87  0.8584
3.6  0.8614
2.12  0.8624
1.81  0.8634
1.73  0.8634
1.7  0.8634
1.67  0.8630
1.66  0.8624
1.65  0.8624
1.64  0.8624
1.63  0.8624
