T_real(K) R(OHm) 
88.66  396.01
88.16  395.94
87.74  0.4033
87.33  0.4033
86.91  0.4033
86.51  0.4033
86.1  0.4033
85.69  0.4033
84.89  0.4023
84.05  0.4023
83.49  0.4023
82.87  0.4023
82.09  0.4023
81.7  0.4023
81.12  0.4017
80.55  0.4013
80.17  0.4013
79.79  0.4010
79.46  0.4002
79.04  0.4002
78.52  0.3992
77.57  0.3992
76.84  0.3992
76.11  0.3992
76.11  0.3992
75.76  0.3992
75.01  0.3992
73.96  0.3982
73.47  0.3982
73.26  0.3982
72.92  0.3972
72.57  0.3972
71.92  0.3972
71.55  0.3972
70.88  0.3972
70.22  0.3962
69.42  0.3962
68.9  0.3962
68.26  0.3962
67.68  0.3952
67.3  0.3952
66.95  0.3952
66.63  0.3952
66.01  0.3946
65.7  0.3942
65.08  0.3942
64.47  0.3942
64.17  0.3934
63.57  0.3932
62.67  0.3932
62.09  0.3932
61.79  0.3932
61.21  0.3932
60.98  0.3932
60.53  0.3922
59.51  0.3922
58.65  0.3918
57.55  0.3912
56.75  0.3912
55.95  0.3912
55.17  0.3912
54.91  0.3912
54.65  0.3902
54.14  0.3902
53.88  0.3902
53.63  0.3896
53.1  0.3892
52.61  0.3892
52.11  0.3892
51.62  0.3892
50.95  0.3882
50.43  0.3882
49.95  0.3882
49.49  0.3882
49.02  0.3881
48.56  0.3872
48.11  0.3872
47.64  0.3872
47.19  0.3872
46.93  0.3862
46.64  0.3862
46.53  0.3862
46.31  0.3862
45.88  0.3862
45.28  0.3862
44.82  0.3852
44.42  0.3852
44.19  0.3852
43.98  0.3852
43.8  0.3852
43.37  0.3844
42.76  0.3842
42.34  0.3842
42.06  0.3842
41.75  0.3842
41.55  0.3832
41.17  0.3832
40.97  0.3832
40.71  0.3832
40.42  0.3832
40.21  0.3832
39.84  0.3822
39.65  0.3822
39.28  0.3822
39.08  0.3822
38.73  0.3822
38.55  0.3820
38.3  0.3812
38.01  0.3812
37.82  0.3812
37.64  0.3812
37.47  0.3812
37.22  0.3807
36.87  0.3802
36.77  0.3802
36.43  0.3802
36.26  0.3802
36.12  0.3796
36.09  0.3791
35.92  0.3791
35.75  0.3791
35.59  0.3791
35.42  0.3791
35.27  0.3791
35.25  0.3781
35.24  0.3781
35.25  0.3781
34.76  0.3781
34.73  0.3781
35.25  0.3781
36.09  0.3781
36.77  0.3776
37.12  0.3771
37.15  0.3771
37.03  0.3771
36.84  0.3771
36.63  0.3771
36.19  0.3771
36.24  0.3761
36.09  0.3761
35.92  0.3761
35.35  0.3761
34.76  0.3761
34.6  0.3760
34.38  0.3751
34.12  0.3751
33.96  0.3751
33.63  0.3751
33.47  0.3751
33.16  0.3751
32.85  0.3751
32.64  0.3741
32.24  0.3741
31.79  0.3741
31.35  0.3741
31.06  0.3736
30.77  0.3731
30.63  0.3731
30.23  0.3731
29.91  0.3731
29.63  0.3721
29.25  0.3721
28.84  0.3721
28.55  0.3721
28.15  0.3721
27.71  0.3711
27.37  0.3711
26.99  0.3711
26.61  0.3711
26.14  0.3711
25.76  0.3701
25.28  0.3701
24.82  0.3701
24.36  0.3701
23.92  0.3701
23.46  0.3691
22.92  0.3691
22.29  0.3691
21.68  0.3691
21.08  0.3691
20.43  0.3685
19.85  0.3681
19.14  0.3681
18.53  0.3681
17.86  0.3671
17.05  0.3671
16.13  0.3671
15.06  0.3671
13.69  0.3665
12.08  0.3661
10.04  0.3661
7.36  0.3670
4.04  0.3671
2.25  0.3681
1.81  0.3691
1.71  0.3701
1.67  0.3701
1.66  0.3701
