-0.2000000000 4.2800000000
-0.1920000000 4.2800000000
-0.1840000000 4.2600000000
-0.1760000000 4.2300000000
-0.1680000000 4.1900000000
-0.1600000000 4.1400000000
-0.1520000000 4.0900000000
-0.1440000000 4.0500000000
-0.1360000000 4.0100000000
-0.1280000000 3.9600000000
-0.1200000000 0.0000000000
-0.1120000000 0.0000000000
-0.1040000000 0.0000000000
-0.0960000000 3.7900000000
-0.0880000000 3.7600000000
-0.0800000000 3.7100000000
-0.0720000000 3.6700000000
-0.0640000000 3.6400000000
-0.0560000000 3.6000000000
-0.0480000000 3.5600000000
-0.0400000000 3.5200000000
-0.0320000000 3.4800000000
-0.0240000000 3.4500000000
-0.0160000000 3.4100000000
-0.0080000000 3.3800000000
0.0000000000 3.3500000000
0.0080000000 3.3000000000
0.0160000000 3.2600000000
0.0240000000 0.0100000000
0.0320000000 0.0200000000
0.0400000000 3.1700000000
0.0480000000 3.1300000000
0.0560000000 3.0900000000
0.0640000000 3.0700000000
0.0720000000 3.0300000000
0.0800000000 3.0000000000
0.0880000000 2.9700000000
0.0960000000 2.9400000000
0.1040000000 2.9000000000
0.1120000000 2.8600000000
0.1200000000 2.8400000000
0.1280000000 2.8100000000
0.1360000000 2.7800000000
0.1440000000 2.7600000000
0.1520000000 2.7200000000
0.1600000000 2.7000000000
0.1680000000 2.6700000000
0.1760000000 2.6400000000
0.1840000000 2.6100000000
0.1920000000 2.5900000000
0.2000000000 2.5600000000
