-0.2000000000 1.6000000000
-0.1920000000 1.6000000000
-0.1840000000 1.5700000000
-0.1760000000 1.5300000000
-0.1680000000 1.4800000000
-0.1600000000 1.4300000000
-0.1520000000 1.3700000000
-0.1440000000 1.3100000000
-0.1360000000 1.2500000000
-0.1280000000 1.1900000000
-0.1200000000 1.1200000000
-0.1120000000 1.0600000000
-0.1040000000 0.9900000000
-0.0960000000 0.9300000000
-0.0880000000 0.8600000000
-0.0800000000 0.8000000000
-0.0720000000 0.7400000000
-0.0640000000 0.6700000000
-0.0560000000 0.6000000000
-0.0480000000 0.5400000000
-0.0400000000 0.4700000000
-0.0320000000 0.4000000000
-0.0240000000 0.2900000000
-0.0160000000 0.2200000000
-0.0080000000 0.0700000000
0.0000000000 0.1200000000
0.0080000000 0.0700000000
0.0160000000 0.0100000000
0.0240000000 -0.0100000000
0.0320000000 -0.0800000000
0.0400000000 -0.1400000000
0.0480000000 -0.2000000000
0.0560000000 -0.2600000000
0.0640000000 -0.3300000000
0.0720000000 -0.3900000000
0.0800000000 -0.4500000000
0.0880000000 -0.5300000000
0.0960000000 -0.5900000000
0.1040000000 -0.6500000000
0.1120000000 -0.7200000000
0.1200000000 -0.7800000000
0.1280000000 -0.8500000000
0.1360000000 -0.9200000000
0.1440000000 -0.9800000000
0.1520000000 -1.0500000000
0.1600000000 -1.1100000000
0.1680000000 -1.1800000000
0.1760000000 -1.2500000000
0.1840000000 -1.3100000000
0.1920000000 -1.3800000000
0.2000000000 -1.4500000000
