  0.0000004        nan4        nan4        nan4        nan4        nan4        nan4
  0.0010024   0.9999114   0.9999384   0.9999584   0.9999754   0.9999854   0.9999904
  0.0020044   0.9996454   0.9997514   0.9998304   0.9999014   0.9999394   0.9999614
  0.0030064   0.9992014   0.9994394   0.9996194   0.9997784   0.9998644   0.9999134
  0.0040084   0.9985814   0.9990044   0.9993224   0.9996064   0.9997574   0.9998454
  0.0050104   0.9977854   0.9984454   0.9989414   0.9993844   0.9996214   0.9997584
  0.0060124   0.9968134   0.9977624   0.9984764   0.9991134   0.9994544   0.9996524
  0.0070144   0.9956674   0.9969564   0.9979274   0.9987934   0.9992574   0.9995264
  0.0080164   0.9943484   0.9960284   0.9972944   0.9984244   0.9990304   0.9993814
  0.0090184   0.9928574   0.9949784   0.9965784   0.9980064   0.9987734   0.9992174
  0.0100204   0.9911974   0.9938074   0.9957784   0.9975404   0.9984864   0.9990344
  0.0110224   0.9893684   0.9925164   0.9948964   0.9970254   0.9981684   0.9988314
  0.0120244   0.9873724   0.9911064   0.9939324   0.9964614   0.9978214   0.9986094
  0.0130264   0.9852124   0.9895784   0.9928864   0.9958504   0.9974444   0.9983684
  0.0140284   0.9828904   0.9879334   0.9917584   0.9951904   0.9970364   0.9981084
  0.0150304   0.9804084   0.9861734   0.9905514   0.9944824   0.9966004   0.9978294
  0.0160324   0.9777694   0.9842984   0.9892634   0.9937264   0.9961334   0.9975304
  0.0170344   0.9749754   0.9823094   0.9878954   0.9929234   0.9956364   0.9972134
  0.0180364   0.9720294   0.9802094   0.9864494   0.9920734   0.9951114   0.9968764
  0.0190384   0.9689344   0.9779994   0.9849254   0.9911764   0.9945554   0.9965214
  0.0200404   0.9656934   0.9756804   0.9833244   0.9902324   0.9939714   0.9961474
  0.0210424   0.9623094   0.9732544   0.9816464   0.9892414   0.9933574   0.9957534
  0.0220444   0.9587854   0.9707224   0.9798924   0.9882054   0.9927144   0.9953414
  0.0230464   0.9551254   0.9680874   0.9780644   0.9871224   0.9920424   0.9949104
  0.0240484   0.9513324   0.9653504   0.9761614   0.9859944   0.9913414   0.9944604
  0.0250504   0.9474104   0.9625134   0.9741854   0.9848214   0.9906114   0.9939924
  0.0260524   0.9433624   0.9595774   0.9721384   0.9836024   0.9898534   0.9935054
  0.0270544   0.9391914   0.9565464   0.9700194   0.9823394   0.9890664   0.9929994
  0.0280564   0.9349024   0.9534204   0.9678304   0.9810324   0.9882504   0.9924754
  0.0290584   0.9304984   0.9502024   0.9655714   0.9796814   0.9874074   0.9919324
  0.0300604   0.9259834   0.9468944   0.9632454   0.9782874   0.9865354   0.9913714
  0.0310624   0.9213614   0.9434984   0.9608514   0.9768494   0.9856364   0.9907924
  0.0320644   0.9166354   0.9400174   0.9583914   0.9753694   0.9847094   0.9901944
  0.0330664   0.9118104   0.9364514   0.9558674   0.9738464   0.9837544   0.9895784
  0.0340684   0.9068904   0.9328044   0.9532784   0.9722824   0.9827724   0.9889444
  0.0350704   0.9018784   0.9290784   0.9506274   0.9706764   0.9817624   0.9882924
  0.0360724   0.8967784   0.9252744   0.9479154   0.9690294   0.9807254   0.9876224
  0.0370744   0.8915944   0.9213964   0.9451424   0.9673414   0.9796624   0.9869344
  0.0380764   0.8863304   0.9174454   0.9423104   0.9656144   0.9785714   0.9862284
  0.0390784   0.8809904   0.9134254   0.9394204   0.9638464   0.9774544   0.9855044
  0.0400804   0.8755784   0.9093364   0.9364744   0.9620404   0.9763114   0.9847634
  0.0410824   0.8700984   0.9051814   0.9334724   0.9601954   0.9751424   0.9840044
  0.0420844   0.8645534   0.9009634   0.9304154   0.9583114   0.9739464   0.9832274
  0.0430864   0.8589474   0.8966844   0.9273064   0.9563904   0.9727254   0.9824334
  0.0440884   0.8532844   0.8923464   0.9241454   0.9544324   0.9714784   0.9816224
  0.0450904   0.8475674   0.8879524   0.9209344   0.9524374   0.9702064   0.9807934
  0.0460924   0.8418014   0.8835034   0.9176734   0.9504054   0.9689094   0.9799474
  0.0470944   0.8359884   0.8790034   0.9143654   0.9483384   0.9675874   0.9790844
  0.0480964   0.8301334   0.8744524   0.9110104   0.9462364   0.9662404   0.9782044
  0.0490984   0.8242394   0.8698554   0.9076094   0.9440994   0.9648694   0.9773084
  0.0501004   0.8183094   0.8652124   0.9041654   0.9419284   0.9634734   0.9763944
  0.0511024   0.8123464   0.8605264   0.9006784   0.9397234   0.9620534   0.9754644
  0.0521044   0.8063544   0.8558004   0.8971494   0.9374854   0.9606104   0.9745174
  0.0531064   0.8003364   0.8510344   0.8935814   0.9352154   0.9591434   0.9735534
  0.0541084   0.7942954   0.8462334   0.8899734   0.9329134   0.9576534   0.9725744
  0.0551104   0.7882354   0.8413974   0.8863284   0.9305794   0.9561394   0.9715784
  0.0561124   0.7821574   0.8365284   0.8826464   0.9282154   0.9546034   0.9705654
  0.0571144   0.7760664   0.8316304   0.8789304   0.9258204   0.9530444   0.9695374
  0.0581164   0.7699634   0.8267034   0.8751804   0.9233964   0.9514624   0.9684934
  0.0591184   0.7638524   0.8217514   0.8713974   0.9209424   0.9498594   0.9674334
  0.0601204   0.7577354   0.8167744   0.8675834   0.9184604   0.9482344   0.9663574
  0.0611224   0.7516154   0.8117754   0.8637384   0.9159504   0.9465874   0.9652654
  0.0621244   0.7454944   0.8067554   0.8598664   0.9134124   0.9449184   0.9641584
  0.0631264   0.7393764   0.8017174   0.8559654   0.9108484   0.9432294   0.9630364
  0.0641284   0.7332614   0.7966634   0.8520384   0.9082574   0.9415194   0.9618984
  0.0651304   0.7271534   0.7915944   0.8480864   0.9056404   0.9397884   0.9607454
  0.0661324   0.7210534   0.7865124   0.8441114   0.9029984   0.9380364   0.9595784
  0.0671344   0.7149644   0.7814194   0.8401124   0.9003324   0.9362654   0.9583954
  0.0681364   0.7088884   0.7763164   0.8360924   0.8976414   0.9344744   0.9571974
  0.0691384   0.7028264   0.7712054   0.8320524   0.8949274   0.9326634   0.9559854
  0.0701404   0.6967814   0.7660884   0.8279924   0.8921904   0.9308334   0.9547584
  0.0711424   0.6907544   0.7609664   0.8239144   0.8894314   0.9289854   0.9535174
  0.0721444   0.6847484   0.7558414   0.8198194   0.8866504   0.9271174   0.9522614
  0.0731464   0.6787634   0.7507154   0.8157084   0.8838484   0.9252314   0.9509914
  0.0741484   0.6728024   0.7455884   0.8115834   0.8810254   0.9233274   0.9497074
  0.0751504   0.6668654   0.7404624   0.8074434   0.8781834   0.9214044   0.9484094
  0.0761524   0.6609544   0.7353394   0.8032914   0.8753204   0.9194644   0.9470984
  0.0771544   0.6550724   0.7302214   0.7991274   0.8724394   0.9175074   0.9457724
  0.0781564   0.6492184   0.7251074   0.7949534   0.8695394   0.9155334   0.9444344
  0.0791584   0.6433944   0.7200004   0.7907694   0.8666224   0.9135424   0.9430814
  0.0801604   0.6376024   0.7149004   0.7865764   0.8636874   0.9115344   0.9417164
  0.0811624   0.6318424   0.7098104   0.7823764   0.8607364   0.9095104   0.9403374
  0.0821644   0.6261164   0.7047304   0.7781694   0.8577684   0.9074704   0.9389454
  0.0831664   0.6204244   0.6996604   0.7739564   0.8547854   0.9054144   0.9375414
  0.0841684   0.6147684   0.6946044   0.7697394   0.8517874   0.9033434   0.9361234
  0.0851704   0.6091484   0.6895604   0.7655174   0.8487744   0.9012564   0.9346934
  0.0861724   0.6035654   0.6845314   0.7612924   0.8457474   0.8991554   0.9332514
  0.0871744   0.5980204   0.6795174   0.7570654   0.8427064   0.8970394   0.9317964
  0.0881764   0.5925144   0.6745194   0.7528374   0.8396534   0.8949094   0.9303294
  0.0891784   0.5870474   0.6695394   0.7486084   0.8365874   0.8927654   0.9288504
  0.0901804   0.5816204   0.6645764   0.7443804   0.8335094   0.8906064   0.9273594
  0.0911824   0.5762334   0.6596334   0.7401524   0.8304204   0.8884354   0.9258564
  0.0921844   0.5708884   0.6547094   0.7359274   0.8273204   0.8862504   0.9243424
  0.0931864   0.5655834   0.6498054   0.7317044   0.8242094   0.8840524   0.9228164
  0.0941884   0.5603214   0.6449224   0.7274844   0.8210884   0.8818414   0.9212784
  0.0951904   0.5551014   0.6400614   0.7232684   0.8179584   0.8796184   0.9197304
  0.0961924   0.5499244   0.6352234   0.7190584   0.8148194   0.8773834   0.9181704
  0.0971944   0.5447904   0.6304084   0.7148524   0.8116724   0.8751364   0.9165994
  0.0981964   0.5396994   0.6256164   0.7106534   0.8085164   0.8728774   0.9150184
  0.0991984   0.5346514   0.6208494   0.7064604   0.8053534   0.8706074   0.9134264
  0.1002004   0.5296474   0.6161064   0.7022754   0.8021834   0.8683264   0.9118234
  0.1012024   0.5246884   0.6113894   0.6980984   0.7990064   0.8660344   0.9102104
  0.1022044   0.5197724   0.6066984   0.6939294   0.7958234   0.8637324   0.9085864
  0.1032064   0.5149004   0.6020334   0.6897694   0.7926354   0.8614194   0.9069534
  0.1042084   0.5100734   0.5973954   0.6856204   0.7894414   0.8590964   0.9053094
  0.1052104   0.5052904   0.5927844   0.6814804   0.7862424   0.8567634   0.9036564
  0.1062124   0.5005524   0.5882004   0.6773514   0.7830394   0.8544214   0.9019934
  0.1072144   0.4958584   0.5836444   0.6732344   0.7798324   0.8520704   0.9003204
  0.1082164   0.4912084   0.5791174   0.6691284   0.7766214   0.8497104   0.8986384
  0.1092184   0.4866024   0.5746184   0.6650354   0.7734074   0.8473414   0.8969474
  0.1102204   0.4820414   0.5701484   0.6609554   0.7701914   0.8449634   0.8952464
  0.1112224   0.4775254   0.5657074   0.6568874   0.7669724   0.8425774   0.8935374
  0.1122244   0.4730524   0.5612964   0.6528344   0.7637514   0.8401844   0.8918184
  0.1132264   0.4686234   0.5569144   0.6487944   0.7605284   0.8377824   0.8900914
  0.1142284   0.4642394   0.5525624   0.6447694   0.7573044   0.8353734   0.8883564
  0.1152304   0.4598984   0.5482404   0.6407584   0.7540804   0.8329574   0.8866124
  0.1162324   0.4556004   0.5439494   0.6367634   0.7508554   0.8305344   0.8848594
  0.1172344   0.4513464   0.5396874   0.6327844   0.7476304   0.8281044   0.8830994
  0.1182364   0.4471364   0.5354574   0.6288204   0.7444054   0.8256684   0.8813304
  0.1192384   0.4429684   0.5312574   0.6248734   0.7411814   0.8232254   0.8795534
  0.1202404   0.4388434   0.5270884   0.6209424   0.7379584   0.8207774   0.8777694
  0.1212424   0.4347614   0.5229494   0.6170284   0.7347364   0.8183224   0.8759774
  0.1222444   0.4307204   0.5188424   0.6131314   0.7315154   0.8158624   0.8741784
  0.1232464   0.4267234   0.5147654   0.6092524   0.7282974   0.8133974   0.8723714
  0.1242484   0.4227664   0.5107204   0.6053904   0.7250814   0.8109274   0.8705574
  0.1252514   0.4188524   0.5067064   0.6015474   0.7218674   0.8084524   0.8687374
  0.1262534   0.4149794   0.5027234   0.5977214   0.7186574   0.8059724   0.8669094
  0.1272554   0.4111464   0.4987714   0.5939154   0.7154494   0.8034884   0.8650744
  0.1282574   0.4073554   0.4948504   0.5901264   0.7122464   0.8009994   0.8632334
  0.1292594   0.4036034   0.4909604   0.5863574   0.7090464   0.7985074   0.8613854
  0.1302614   0.3998924   0.4871024   0.5826074   0.7058494   0.7960114   0.8595314
  0.1312634   0.3962214   0.4832754   0.5788764   0.7026584   0.7935114   0.8576704
  0.1322654   0.3925894   0.4794784   0.5751644   0.6994714   0.7910084   0.8558044
  0.1332674   0.3889964   0.4757134   0.5714724   0.6962894   0.7885024   0.8539314
  0.1342694   0.3854424   0.4719794   0.5678004   0.6931124   0.7859934   0.8520524
  0.1352714   0.3819274   0.4682754   0.5641484   0.6899404   0.7834814   0.8501684
  0.1362734   0.3784494   0.4646024   0.5605164   0.6867744   0.7809674   0.8482794
  0.1372754   0.3750104   0.4609604   0.5569044   0.6836144   0.7784514   0.8463834
  0.1382774   0.3716084   0.4573494   0.5533124   0.6804604   0.7759324   0.8444834
  0.1392794   0.3682434   0.4537684   0.5497414   0.6773124   0.7734124   0.8425774
  0.1402814   0.3649144   0.4502184   0.5461914   0.6741714   0.7708904   0.8406664
  0.1412834   0.3616234   0.4466974   0.5426614   0.6710374   0.7683664   0.8387504
  0.1422854   0.3583674   0.4432074   0.5391514   0.6679104   0.7658414   0.8368294
  0.1432874   0.3551474   0.4397474   0.5356634   0.6647904   0.7633154   0.8349044
  0.1442894   0.3519624   0.4363174   0.5321954   0.6616774   0.7607884   0.8329744
  0.1452914   0.3488134   0.4329174   0.5287484   0.6585724   0.7582614   0.8310404
  0.1462934   0.3456984   0.4295464   0.5253224   0.6554754   0.7557324   0.8291014
  0.1472954   0.3426174   0.4262054   0.5219184   0.6523864   0.7532044   0.8271584
  0.1482974   0.3395714   0.4228934   0.5185344   0.6493054   0.7506754   0.8252114
  0.1492994   0.3365584   0.4196104   0.5151714   0.6462334   0.7481464   0.8232604
  0.1503014   0.3335784   0.4163574   0.5118304   0.6431694   0.7456174   0.8213054
  0.1513034   0.3306314   0.4131324   0.5085104   0.6401144   0.7430884   0.8193474
  0.1523054   0.3277174   0.4099364   0.5052114   0.6370674   0.7405604   0.8173854
  0.1533074   0.3248354   0.4067684   0.5019334   0.6340304   0.7380334   0.8154194
  0.1543094   0.3219854   0.4036284   0.4986764   0.6310024   0.7355064   0.8134504
  0.1553114   0.3191664   0.4005174   0.4954414   0.6279834   0.7329814   0.8114784
  0.1563134   0.3163784   0.3974344   0.4922264   0.6249744   0.7304564   0.8095034
  0.1573154   0.3136224   0.3943784   0.4890334   0.6219744   0.7279334   0.8075254
  0.1583174   0.3108964   0.3913504   0.4858614   0.6189854   0.7254114   0.8055434
  0.1593194   0.3082004   0.3883494   0.4827114   0.6160054   0.7228914   0.8035594
  0.1603214   0.3055334   0.3853764   0.4795814   0.6130354   0.7203724   0.8015734
  0.1613234   0.3028974   0.3824294   0.4764724   0.6100754   0.7178564   0.7995834
  0.1623254   0.3002894   0.3795094   0.4733854   0.6071264   0.7153414   0.7975924
  0.1633274   0.2977104   0.3766164   0.4703184   0.6041874   0.7128294   0.7955984
  0.1643294   0.2951604   0.3737504   0.4672734   0.6012584   0.7103184   0.7936014
  0.1653314   0.2926384   0.3709094   0.4642484   0.5983404   0.7078114   0.7916034
  0.1663334   0.2901434   0.3680944   0.4612454   0.5954334   0.7053054   0.7896034
  0.1673354   0.2876764   0.3653064   0.4582624   0.5925374   0.7028034   0.7876004
  0.1683374   0.2852364   0.3625424   0.4553004   0.5896514   0.7003034   0.7855964
  0.1693394   0.2828244   0.3598054   0.4523584   0.5867774   0.6978064   0.7835914
  0.1703414   0.2804374   0.3570924   0.4494384   0.5839134   0.6953134   0.7815834
  0.1713434   0.2780774   0.3544044   0.4465384   0.5810614   0.6928224   0.7795744
  0.1723454   0.2757434   0.3517414   0.4436584   0.5782204   0.6903354   0.7775644
  0.1733474   0.2734344   0.3491034   0.4407994   0.5753914   0.6878524   0.7755534
  0.1743494   0.2711514   0.3464894   0.4379604   0.5725724   0.6853724   0.7735404
  0.1753514   0.2688934   0.3438994   0.4351424   0.5697664   0.6828954   0.7715264
  0.1763534   0.2666594   0.3413334   0.4323434   0.5669704   0.6804234   0.7695114
  0.1773554   0.2644504   0.3387914   0.4295654   0.5641874   0.6779544   0.7674964
  0.1783574   0.2622654   0.3362734   0.4268074   0.5614154   0.6754904   0.7654794
  0.1793594   0.2601044   0.3337774   0.4240694   0.5586554   0.6730294   0.7634624
  0.1803614   0.2579664   0.3313054   0.4213514   0.5559064   0.6705734   0.7614444
  0.1813634   0.2558524   0.3288564   0.4186524   0.5531704   0.6681214   0.7594264
  0.1823654   0.2537604   0.3264294   0.4159744   0.5504454   0.6656734   0.7574074
  0.1833674   0.2516914   0.3240254   0.4133154   0.5477324   0.6632304   0.7553884
  0.1843694   0.2496454   0.3216434   0.4106754   0.5450324   0.6607924   0.7533694
  0.1853714   0.2476214   0.3192834   0.4080554   0.5423434   0.6583594   0.7513494
  0.1863734   0.2456184   0.3169454   0.4054544   0.5396664   0.6559304   0.7493304
  0.1873754   0.2436384   0.3146294   0.4028724   0.5370024   0.6535064   0.7473114
  0.1883774   0.2416784   0.3123344   0.4003094   0.5343494   0.6510874   0.7452914
  0.1893794   0.2397404   0.3100614   0.3977664   0.5317094   0.6486734   0.7432724
  0.1903814   0.2378224   0.3078084   0.3952414   0.5290814   0.6462654   0.7412534
  0.1913834   0.2359254   0.3055774   0.3927354   0.5264654   0.6438624   0.7392354
  0.1923854   0.2340494   0.3033664   0.3902484   0.5238614   0.6414644   0.7372174
  0.1933874   0.2321924   0.3011764   0.3877794   0.5212694   0.6390714   0.7352004
  0.1943894   0.2303554   0.2990064   0.3853294   0.5186904   0.6366844   0.7331834
  0.1953914   0.2285384   0.2968564   0.3828974   0.5161234   0.6343034   0.7311674
  0.1963934   0.2267404   0.2947264   0.3804844   0.5135684   0.6319274   0.7291514
  0.1973954   0.2249624   0.2926154   0.3780884   0.5110264   0.6295574   0.7271374
  0.1983974   0.2232024   0.2905244   0.3757114   0.5084964   0.6271924   0.7251234
  0.1993994   0.2214614   0.2884534   0.3733514   0.5059784   0.6248344   0.7231114
  0.2004014   0.2197384   0.2864004   0.3710104   0.5034734   0.6224814   0.7211004
  0.2014034   0.2180334   0.2843674   0.3686864   0.5009804   0.6201354   0.7190894
  0.2024054   0.2163474   0.2823524   0.3663794   0.4984994   0.6177944   0.7170804
  0.2034074   0.2146784   0.2803564   0.3640904   0.4960314   0.6154604   0.7150734
  0.2044094   0.2130264   0.2783784   0.3618194   0.4935754   0.6131324   0.7130664
  0.2054114   0.2113924   0.2764194   0.3595644   0.4911314   0.6108104   0.7110614
  0.2064134   0.2097754   0.2744774   0.3573274   0.4886994   0.6084944   0.7090584
  0.2074154   0.2081754   0.2725544   0.3551074   0.4862804   0.6061854   0.7070564
  0.2084174   0.2065914   0.2706484   0.3529034   0.4838734   0.6038824   0.7050564
  0.2094194   0.2050244   0.2687594   0.3507174   0.4814794   0.6015864   0.7030584
  0.2104214   0.2034744   0.2668884   0.3485474   0.4790974   0.5992964   0.7010624
  0.2114234   0.2019394   0.2650344   0.3463934   0.4767274   0.5970134   0.6990674
  0.2124254   0.2004204   0.2631974   0.3442564   0.4743694   0.5947364   0.6970744
  0.2134274   0.1989174   0.2613774   0.3421364   0.4720234   0.5924664   0.6950834
  0.2144294   0.1974294   0.2595734   0.3400314   0.4696904   0.5902034   0.6930954
  0.2154314   0.1959574   0.2577864   0.3379434   0.4673694   0.5879474   0.6911084
  0.2164334   0.1944994   0.2560154   0.3358704   0.4650604   0.5856974   0.6891244
  0.2174354   0.1930574   0.2542604   0.3338134   0.4627634   0.5834544   0.6871424
  0.2184374   0.1916294   0.2525214   0.3317724   0.4604794   0.5812184   0.6851624
  0.2194394   0.1902164   0.2507984   0.3297474   0.4582064   0.5789894   0.6831844
  0.2204414   0.1888184   0.2490914   0.3277374   0.4559464   0.5767674   0.6812094
  0.2214434   0.1874334   0.2473994   0.3257434   0.4536974   0.5745524   0.6792374
  0.2224454   0.1860634   0.2457234   0.3237644   0.4514614   0.5723444   0.6772674
  0.2234474   0.1847064   0.2440614   0.3217994   0.4492374   0.5701434   0.6752994
  0.2244494   0.1833634   0.2424154   0.3198504   0.4470244   0.5679494   0.6733344
  0.2254514   0.1820344   0.2407844   0.3179164   0.4448244   0.5657624   0.6713724
  0.2264534   0.1807184   0.2391674   0.3159974   0.4426354   0.5635824   0.6694134
  0.2274554   0.1794154   0.2375654   0.3140924   0.4404594   0.5614104   0.6674564
  0.2284574   0.1781254   0.2359774   0.3122024   0.4382944   0.5592454   0.6655024
  0.2294594   0.1768484   0.2344034   0.3103274   0.4361414   0.5570874   0.6635524
  0.2304614   0.1755844   0.2328444   0.3084664   0.4340004   0.5549364   0.6616044
  0.2314634   0.1743324   0.2312984   0.3066194   0.4318704   0.5527924   0.6596594
  0.2324654   0.1730934   0.2297674   0.3047864   0.4297534   0.5506564   0.6577174
  0.2334674   0.1718664   0.2282494   0.3029674   0.4276474   0.5485274   0.6557784
  0.2344694   0.1706514   0.2267444   0.3011624   0.4255524   0.5464064   0.6538434
  0.2354714   0.1694484   0.2252534   0.2993714   0.4234694   0.5442924   0.6519104
  0.2364734   0.1682574   0.2237754   0.2975934   0.4213984   0.5421854   0.6499814
  0.2374754   0.1670784   0.2223114   0.2958304   0.4193384   0.5400864   0.6480554
  0.2384774   0.1659104   0.2208594   0.2940794   0.4172904   0.5379944   0.6461324
  0.2394794   0.1647544   0.2194204   0.2923424   0.4152534   0.5359104   0.6442134
  0.2404814   0.1636094   0.2179944   0.2906184   0.4132274   0.5338334   0.6422974
  0.2414834   0.1624754   0.2165814   0.2889084   0.4112134   0.5317634   0.6403854
  0.2424854   0.1613524   0.2151804   0.2872104   0.4092104   0.5297014   0.6384764
  0.2434874   0.1602394   0.2137914   0.2855264   0.4072194   0.5276474   0.6365704
  0.2444894   0.1591384   0.2124144   0.2838544   0.4052384   0.5256004   0.6346684
  0.2454914   0.1580474   0.2110504   0.2821954   0.4032694   0.5235604   0.6327704
  0.2464934   0.1569674   0.2096984   0.2805484   0.4013114   0.5215284   0.6308764
  0.2474954   0.1558974   0.2083574   0.2789144   0.3993644   0.5195044   0.6289854
  0.2484974   0.1548384   0.2070284   0.2772934   0.3974284   0.5174874   0.6270974
  0.2494994   0.1537884   0.2057114   0.2756844   0.3955034   0.5154784   0.6252144
  0.2505014   0.1527494   0.2044054   0.2740874   0.3935894   0.5134764   0.6233344
  0.2515034   0.1517194   0.2031104   0.2725024   0.3916854   0.5114824   0.6214584
  0.2525054   0.1506994   0.2018274   0.2709294   0.3897934   0.5094964   0.6195864
  0.2535074   0.1496894   0.2005554   0.2693684   0.3879124   0.5075174   0.6177184
  0.2545094   0.1486884   0.1992944   0.2678194   0.3860414   0.5055454   0.6158544
  0.2555114   0.1476974   0.1980444   0.2662824   0.3841814   0.5035814   0.6139934
  0.2565134   0.1467154   0.1968044   0.2647564   0.3823314   0.5016254   0.6121374
  0.2575154   0.1457434   0.1955754   0.2632424   0.3804924   0.4996764   0.6102844
  0.2585174   0.1447794   0.1943574   0.2617394   0.3786644   0.4977354   0.6084364
  0.2595194   0.1438254   0.1931494   0.2602484   0.3768464   0.4958024   0.6065924
  0.2605214   0.1428794   0.1919524   0.2587684   0.3750394   0.4938764   0.6047514
  0.2615234   0.1419424   0.1907654   0.2572994   0.3732424   0.4919584   0.6029154
  0.2625254   0.1410144   0.1895884   0.2558414   0.3714554   0.4900474   0.6010834
  0.2635274   0.1400944   0.1884214   0.2543944   0.3696794   0.4881444   0.5992554
  0.2645294   0.1391834   0.1872644   0.2529574   0.3679134   0.4862484   0.5974324
  0.2655314   0.1382804   0.1861164   0.2515324   0.3661574   0.4843604   0.5956124
  0.2665334   0.1373864   0.1849794   0.2501174   0.3644114   0.4824794   0.5937974
  0.2675354   0.1365004   0.1838514   0.2487134   0.3626754   0.4806064   0.5919864
  0.2685374   0.1356224   0.1827324   0.2473204   0.3609504   0.4787414   0.5901804
  0.2695394   0.1347524   0.1816234   0.2459374   0.3592344   0.4768834   0.5883774
  0.2705414   0.1338904   0.1805244   0.2445644   0.3575284   0.4750334   0.5865794
  0.2715434   0.1330354   0.1794334   0.2432014   0.3558334   0.4731904   0.5847864
  0.2725454   0.1321894   0.1783524   0.2418494   0.3541474   0.4713554   0.5829974
  0.2735474   0.1313504   0.1772804   0.2405064   0.3524714   0.4695274   0.5812124
  0.2745494   0.1305184   0.1762174   0.2391744   0.3508044   0.4677074   0.5794314
  0.2755514   0.1296954   0.1751624   0.2378514   0.3491474   0.4658944   0.5776554
  0.2765534   0.1288784   0.1741174   0.2365394   0.3475004   0.4640894   0.5758844
  0.2775554   0.1280694   0.1730804   0.2352364   0.3458634   0.4622914   0.5741174
  0.2785574   0.1272674   0.1720524   0.2339434   0.3442354   0.4605004   0.5723544
  0.2795594   0.1264724   0.1710324   0.2326594   0.3426164   0.4587174   0.5705964
  0.2805614   0.1256854   0.1700214   0.2313854   0.3410074   0.4569424   0.5688424
  0.2815634   0.1249044   0.1690184   0.2301204   0.3394084   0.4551744   0.5670934
  0.2825654   0.1241304   0.1680234   0.2288644   0.3378174   0.4534134   0.5653494
  0.2835674   0.1233634   0.1670364   0.2276184   0.3362364   0.4516604   0.5636094
  0.2845694   0.1226034   0.1660584   0.2263814   0.3346644   0.4499144   0.5618734
  0.2855714   0.1218504   0.1650874   0.2251534   0.3331024   0.4481754   0.5601434
  0.2865734   0.1211034   0.1641254   0.2239344   0.3315484   0.4464444   0.5584174
  0.2875754   0.1203634   0.1631704   0.2227244   0.3300044   0.4447204   0.5566954
  0.2885774   0.1196294   0.1622234   0.2215234   0.3284684   0.4430044   0.5549784
  0.2895794   0.1189014   0.1612844   0.2203314   0.3269424   0.4412954   0.5532664
  0.2905814   0.1181804   0.1603534   0.2191474   0.3254244   0.4395934   0.5515584
  0.2915834   0.1174654   0.1594294   0.2179724   0.3239164   0.4378984   0.5498554
  0.2925854   0.1167574   0.1585124   0.2168064   0.3224164   0.4362114   0.5481574
  0.2935874   0.1160544   0.1576034   0.2156484   0.3209244   0.4345314   0.5464644
  0.2945894   0.1153584   0.1567014   0.2144984   0.3194424   0.4328584   0.5447754
  0.2955914   0.1146674   0.1558074   0.2133574   0.3179684   0.4311924   0.5430914
  0.2965934   0.1139834   0.1549194   0.2122244   0.3165034   0.4295344   0.5414114
  0.2975954   0.1133044   0.1540394   0.2110994   0.3150474   0.4278824   0.5397374
  0.2985974   0.1126314   0.1531664   0.2099834   0.3135984   0.4262384   0.5380674
  0.2995994   0.1119644   0.1523004   0.2088744   0.3121594   0.4246014   0.5364024
  0.3006014   0.1113024   0.1514404   0.2077744   0.3107284   0.4229714   0.5347414
  0.3016034   0.1106464   0.1505884   0.2066814   0.3093054   0.4213484   0.5330864
  0.3026054   0.1099964   0.1497424   0.2055974   0.3078904   0.4197334   0.5314354
  0.3036074   0.1093514   0.1489034   0.2045204   0.3064844   0.4181244   0.5297894
  0.3046094   0.1087124   0.1480714   0.2034504   0.3050864   0.4165224   0.5281474
  0.3056114   0.1080784   0.1472454   0.2023894   0.3036964   0.4149284   0.5265114
  0.3066134   0.1074494   0.1464264   0.2013354   0.3023144   0.4133404   0.5248794
  0.3076154   0.1068264   0.1456134   0.2002894   0.3009404   0.4117594   0.5232524
  0.3086174   0.1062074   0.1448064   0.1992504   0.2995754   0.4101854   0.5216304
  0.3096194   0.1055944   0.1440064   0.1982184   0.2982174   0.4086194   0.5200134
  0.3106214   0.1049864   0.1432124   0.1971944   0.2968674   0.4070594   0.5184004
  0.3116234   0.1043834   0.1424244   0.1961774   0.2955254   0.4055064   0.5167924
  0.3126254   0.1037854   0.1416434   0.1951674   0.2941914   0.4039604   0.5151904
  0.3136274   0.1031924   0.1408674   0.1941654   0.2928654   0.4024204   0.5135914
  0.3146294   0.1026044   0.1400974   0.1931704   0.2915464   0.4008884   0.5119984
  0.3156314   0.1020204   0.1393344   0.1921814   0.2902354   0.3993624   0.5104104
  0.3166334   0.1014424   0.1385764   0.1912004   0.2889324   0.3978434   0.5088264
  0.3176354   0.1008684   0.1378244   0.1902254   0.2876364   0.3963314   0.5072474
  0.3186374   0.1002994   0.1370784   0.1892584   0.2863484   0.3948264   0.5056744
  0.3196394   0.0997344   0.1363384   0.1882974   0.2850674   0.3933274   0.5041044
  0.3206414   0.0991744   0.1356034   0.1873434   0.2837944   0.3918354   0.5025404
  0.3216434   0.0986194   0.1348744   0.1863954   0.2825284   0.3903504   0.5009814
  0.3226454   0.0980684   0.1341514   0.1854554   0.2812704   0.3888714   0.4994264
  0.3236474   0.0975224   0.1334334   0.1845214   0.2800194   0.3873994   0.4978774
  0.3246494   0.0969804   0.1327204   0.1835934   0.2787754   0.3859344   0.4963324
  0.3256514   0.0964424   0.1320134   0.1826724   0.2775384   0.3844754   0.4947924
  0.3266534   0.0959094   0.1313124   0.1817574   0.2763094   0.3830234   0.4932564
  0.3276554   0.0953794   0.1306154   0.1808484   0.2750864   0.3815774   0.4917264
  0.3286574   0.0948544   0.1299244   0.1799464   0.2738714   0.3801384   0.4902004
  0.3296594   0.0943344   0.1292384   0.1790514   0.2726634   0.3787054   0.4886804
  0.3306614   0.0938174   0.1285574   0.1781614   0.2714624   0.3772794   0.4871644
  0.3316634   0.0933054   0.1278824   0.1772774   0.2702674   0.3758594   0.4856534
  0.3326654   0.0927964   0.1272114   0.1764004   0.2690804   0.3744454   0.4841464
  0.3336674   0.0922924   0.1265464   0.1755294   0.2678994   0.3730384   0.4826454
  0.3346694   0.0917914   0.1258854   0.1746634   0.2667264   0.3716374   0.4811484
  0.3356714   0.0912954   0.1252294   0.1738044   0.2655594   0.3702434   0.4796564
  0.3366734   0.0908024   0.1245784   0.1729504   0.2643984   0.3688554   0.4781694
  0.3376754   0.0903134   0.1239324   0.1721034   0.2632454   0.3674734   0.4766874
  0.3386774   0.0898284   0.1232914   0.1712614   0.2620984   0.3660984   0.4752104
  0.3396794   0.0893474   0.1226554   0.1704244   0.2609584   0.3647284   0.4737374
  0.3406814   0.0888694   0.1220234   0.1695944   0.2598244   0.3633654   0.4722694
  0.3416834   0.0883964   0.1213964   0.1687694   0.2586974   0.3620084   0.4708064
  0.3426854   0.0879264   0.1207734   0.1679504   0.2575764   0.3606584   0.4693484
  0.3436874   0.0874594   0.1201554   0.1671364   0.2564624   0.3593134   0.4678954
  0.3446894   0.0869964   0.1195424   0.1663284   0.2553544   0.3579754   0.4664464
  0.3456914   0.0865374   0.1189334   0.1655264   0.2542534   0.3566424   0.4650024
  0.3466934   0.0860814   0.1183284   0.1647284   0.2531574   0.3553164   0.4635634
  0.3476954   0.0856294   0.1177284   0.1639374   0.2520684   0.3539964   0.4621294
  0.3486974   0.0851804   0.1171334   0.1631504   0.2509864   0.3526814   0.4606994
  0.3496994   0.0847344   0.1165414   0.1623694   0.2499094   0.3513734   0.4592744
  0.3507014   0.0842924   0.1159544   0.1615934   0.2488394   0.3500714   0.4578544
  0.3517034   0.0838544   0.1153714   0.1608224   0.2477754   0.3487744   0.4564394
  0.3527054   0.0834184   0.1147924   0.1600564   0.2467174   0.3474844   0.4550284
  0.3537074   0.0829864   0.1142184   0.1592964   0.2456644   0.3461994   0.4536224
  0.3547094   0.0825574   0.1136474   0.1585404   0.2446184   0.3449214   0.4522214
  0.3557114   0.0821314   0.1130814   0.1577904   0.2435784   0.3436484   0.4508254
  0.3567134   0.0817094   0.1125194   0.1570454   0.2425444   0.3423814   0.4494334
  0.3577154   0.0812904   0.1119614   0.1563044   0.2415164   0.3411204   0.4480464
  0.3587174   0.0808744   0.1114064   0.1555694   0.2404934   0.3398644   0.4466634
  0.3597194   0.0804604   0.1108564   0.1548384   0.2394764   0.3386144   0.4452864
  0.3607214   0.0800504   0.1103094   0.1541124   0.2384664   0.3373704   0.4439134
  0.3617234   0.0796444   0.1097674   0.1533914   0.2374604   0.3361324   0.4425444
  0.3627254   0.0792404   0.1092284   0.1526754   0.2364614   0.3348994   0.4411804
  0.3637274   0.0788394   0.1086934   0.1519634   0.2354674   0.3336724   0.4398214
  0.3647294   0.0784414   0.1081624   0.1512564   0.2344794   0.3324514   0.4384674
  0.3657314   0.0780464   0.1076354   0.1505544   0.2334964   0.3312354   0.4371174
  0.3667334   0.0776534   0.1071114   0.1498564   0.2325194   0.3300254   0.4357724
  0.3677354   0.0772644   0.1065914   0.1491634   0.2315474   0.3288204   0.4344314
  0.3687374   0.0768784   0.1060744   0.1484754   0.2305814   0.3276214   0.4330954
  0.3697394   0.0764944   0.1055624   0.1477914   0.2296214   0.3264284   0.4317644
  0.3707414   0.0761134   0.1050524   0.1471114   0.2286654   0.3252394   0.4304374
  0.3717434   0.0757354   0.1045474   0.1464364   0.2277164   0.3240574   0.4291154
  0.3727454   0.0753604   0.1040444   0.1457654   0.2267714   0.3228794   0.4277984
  0.3737474   0.0749874   0.1035464   0.1450984   0.2258324   0.3217074   0.4264844
  0.3747494   0.0746174   0.1030504   0.1444364   0.2248984   0.3205414   0.4251764
  0.3757524   0.0742504   0.1025584   0.1437784   0.2239694   0.3193804   0.4238724
  0.3767544   0.0738854   0.1020704   0.1431254   0.2230464   0.3182244   0.4225734
  0.3777564   0.0735234   0.1015854   0.1424754   0.2221274   0.3170734   0.4212784
  0.3787584   0.0731644   0.1011034   0.1418304   0.2212144   0.3159284   0.4199874
  0.3797604   0.0728074   0.1006254   0.1411894   0.2203064   0.3147884   0.4187014
  0.3807624   0.0724524   0.1001494   0.1405524   0.2194034   0.3136534   0.4174204
  0.3817644   0.0721014   0.0996774   0.1399194   0.2185054   0.3125234   0.4161434
  0.3827664   0.0717514   0.0992094   0.1392904   0.2176124   0.3113994   0.4148714
  0.3837684   0.0714054   0.0987434   0.1386654   0.2167234   0.3102804   0.4136034
  0.3847704   0.0710604   0.0982814   0.1380444   0.2158404   0.3091664   0.4123394
  0.3857724   0.0707184   0.0978214   0.1374274   0.2149624   0.3080574   0.4110804
  0.3867744   0.0703794   0.0973654   0.1368144   0.2140894   0.3069534   0.4098254
  0.3877764   0.0700414   0.0969124   0.1362054   0.2132204   0.3058544   0.4085754
  0.3887784   0.0697074   0.0964624   0.1355994   0.2123564   0.3047604   0.4073294
  0.3897804   0.0693744   0.0960154   0.1349984   0.2114974   0.3036714   0.4060884
  0.3907824   0.0690444   0.0955714   0.1344004   0.2106434   0.3025874   0.4048514
  0.3917844   0.0687164   0.0951304   0.1338064   0.2097944   0.3015084   0.4036184
  0.3927864   0.0683904   0.0946914   0.1332164   0.2089494   0.3004344   0.4023904
  0.3937884   0.0680674   0.0942564   0.1326294   0.2081094   0.2993654   0.4011664
  0.3947904   0.0677464   0.0938244   0.1320464   0.2072734   0.2983014   0.3999464
  0.3957924   0.0674274   0.0933944   0.1314674   0.2064424   0.2972424   0.3987314
  0.3967944   0.0671114   0.0929684   0.1308924   0.2056164   0.2961874   0.3975204
  0.3977964   0.0667964   0.0925444   0.1303204   0.2047944   0.2951384   0.3963134
  0.3987984   0.0664844   0.0921234   0.1297514   0.2039774   0.2940934   0.3951114
  0.3998004   0.0661734   0.0917054   0.1291864   0.2031644   0.2930534   0.3939124
  0.4008024   0.0658654   0.0912894   0.1286254   0.2023554   0.2920184   0.3927194
  0.4018044   0.0655594   0.0908774   0.1280674   0.2015514   0.2909874   0.3915294
  0.4028064   0.0652564   0.0904674   0.1275134   0.2007524   0.2899614   0.3903444
  0.4038084   0.0649544   0.0900594   0.1269624   0.1999564   0.2889404   0.3891634
  0.4048104   0.0646544   0.0896554   0.1264144   0.1991654   0.2879244   0.3879864
  0.4058124   0.0643564   0.0892524   0.1258704   0.1983794   0.2869124   0.3868134
  0.4068144   0.0640604   0.0888534   0.1253294   0.1975964   0.2859054   0.3856454
  0.4078164   0.0637674   0.0884564   0.1247914   0.1968184   0.2849024   0.3844804
  0.4088184   0.0634754   0.0880624   0.1242574   0.1960454   0.2839044   0.3833204
  0.4098204   0.0631854   0.0876704   0.1237264   0.1952754   0.2829104   0.3821644
  0.4108224   0.0628974   0.0872814   0.1231984   0.1945094   0.2819224   0.3810134
  0.4118244   0.0626114   0.0868944   0.1226734   0.1937484   0.2809374   0.3798654
  0.4128264   0.0623274   0.0865104   0.1221524   0.1929914   0.2799574   0.3787224
  0.4138284   0.0620454   0.0861284   0.1216344   0.1922374   0.2789824   0.3775824
  0.4148304   0.0617654   0.0857494   0.1211194   0.1914884   0.2780114   0.3764474
  0.4158324   0.0614864   0.0853724   0.1206074   0.1907434   0.2770444   0.3753164
  0.4168344   0.0612104   0.0849984   0.1200984   0.1900024   0.2760824   0.3741894
  0.4178364   0.0609354   0.0846264   0.1195924   0.1892654   0.2751244   0.3730664
  0.4188384   0.0606624   0.0842564   0.1190894   0.1885324   0.2741704   0.3719474
  0.4198404   0.0603914   0.0838894   0.1185904   0.1878034   0.2732214   0.3708324
  0.4208424   0.0601214   0.0835244   0.1180934   0.1870774   0.2722764   0.3697214
  0.4218444   0.0598544   0.0831614   0.1175994   0.1863564   0.2713364   0.3686144
  0.4228464   0.0595884   0.0828014   0.1171094   0.1856384   0.2703994   0.3675114
  0.4238484   0.0593244   0.0824434   0.1166214   0.1849254   0.2694674   0.3664124
  0.4248504   0.0590614   0.0820874   0.1161364   0.1842154   0.2685404   0.3653174
  0.4258524   0.0588014   0.0817334   0.1156544   0.1835084   0.2676164   0.3642264
  0.4268544   0.0585424   0.0813824   0.1151754   0.1828064   0.2666974   0.3631394
  0.4278564   0.0582844   0.0810324   0.1146984   0.1821074   0.2657814   0.3620564
  0.4288584   0.0580294   0.0806854   0.1142254   0.1814124   0.2648704   0.3609774
  0.4298604   0.0577754   0.0803404   0.1137544   0.1807214   0.2639634   0.3599024
  0.4308624   0.0575224   0.0799984   0.1132864   0.1800334   0.2630604   0.3588314
  0.4318644   0.0572714   0.0796574   0.1128214   0.1793494   0.2621614   0.3577634
  0.4328664   0.0570224   0.0793194   0.1123594   0.1786694   0.2612674   0.3567004
  0.4338684   0.0567754   0.0789824   0.1118994   0.1779924   0.2603764   0.3556404
  0.4348704   0.0565294   0.0786484   0.1114424   0.1773194   0.2594894   0.3545854
  0.4358724   0.0562844   0.0783164   0.1109884   0.1766494   0.2586074   0.3535334
  0.4368744   0.0560414   0.0779854   0.1105364   0.1759834   0.2577284   0.3524854
  0.4378764   0.0558004   0.0776574   0.1100874   0.1753214   0.2568534   0.3514404
  0.4388784   0.0555604   0.0773314   0.1096414   0.1746614   0.2559824   0.3504004
  0.4398804   0.0553224   0.0770074   0.1091974   0.1740064   0.2551164   0.3493634
  0.4408824   0.0550854   0.0766854   0.1087564   0.1733534   0.2542534   0.3483304
  0.4418844   0.0548504   0.0763654   0.1083184   0.1727054   0.2533944   0.3473014
  0.4428864   0.0546164   0.0760464   0.1078824   0.1720594   0.2525384   0.3462764
  0.4438884   0.0543844   0.0757304   0.1074484   0.1714174   0.2516874   0.3452544
  0.4448904   0.0541534   0.0754154   0.1070174   0.1707784   0.2508394   0.3442364
  0.4458924   0.0539234   0.0751034   0.1065894   0.1701434   0.2499964   0.3432224
  0.4468944   0.0536954   0.0747924   0.1061634   0.1695114   0.2491564   0.3422124
  0.4478964   0.0534694   0.0744844   0.1057394   0.1688824   0.2483194   0.3412054
  0.4488984   0.0532444   0.0741774   0.1053184   0.1682564   0.2474874   0.3402024
  0.4499004   0.0530204   0.0738724   0.1048994   0.1676344   0.2466584   0.3392024
  0.4509024   0.0527984   0.0735694   0.1044834   0.1670154   0.2458334   0.3382064
  0.4519044   0.0525764   0.0732674   0.1040694   0.1663994   0.2450124   0.3372144
  0.4529064   0.0523574   0.0729684   0.1036574   0.1657864   0.2441944   0.3362264
  0.4539084   0.0521394   0.0726704   0.1032484   0.1651774   0.2433804   0.3352414
  0.4549104   0.0519224   0.0723744   0.1028414   0.1645704   0.2425704   0.3342594
  0.4559124   0.0517064   0.0720804   0.1024364   0.1639674   0.2417634   0.3332824
  0.4569144   0.0514924   0.0717874   0.1020344   0.1633674   0.2409604   0.3323084
  0.4579164   0.0512794   0.0714964   0.1016344   0.1627694   0.2401604   0.3313374
  0.4589184   0.0510674   0.0712074   0.1012364   0.1621754   0.2393644   0.3303704
  0.4599204   0.0508564   0.0709204   0.1008414   0.1615844   0.2385724   0.3294074
  0.4609224   0.0506474   0.0706344   0.1004484   0.1609964   0.2377834   0.3284474
  0.4619244   0.0504394   0.0703504   0.1000574   0.1604114   0.2369984   0.3274904
  0.4629264   0.0502334   0.0700684   0.0996684   0.1598294   0.2362164   0.3265374
  0.4639284   0.0500274   0.0697874   0.0992814   0.1592504   0.2354374   0.3255884
  0.4649304   0.0498234   0.0695084   0.0988974   0.1586744   0.2346624   0.3246424
  0.4659324   0.0496204   0.0692314   0.0985144   0.1581014   0.2338914   0.3236994
  0.4669344   0.0494194   0.0689554   0.0981344   0.1575314   0.2331224   0.3227604
  0.4679364   0.0492184   0.0686814   0.0977564   0.1569634   0.2323584   0.3218254
  0.4689384   0.0490194   0.0684094   0.0973804   0.1563994   0.2315964   0.3208924
  0.4699404   0.0488214   0.0681384   0.0970064   0.1558374   0.2308384   0.3199644
  0.4709424   0.0486244   0.0678684   0.0966344   0.1552794   0.2300844   0.3190384
  0.4719444   0.0484284   0.0676014   0.0962644   0.1547234   0.2293324   0.3181164
  0.4729464   0.0482344   0.0673344   0.0958974   0.1541694   0.2285844   0.3171984
  0.4739484   0.0480404   0.0670704   0.0955314   0.1536194   0.2278404   0.3162824
  0.4749504   0.0478484   0.0668064   0.0951674   0.1530714   0.2270984   0.3153714
  0.4759524   0.0476574   0.0665454   0.0948064   0.1525274   0.2263604   0.3144624
  0.4769544   0.0474674   0.0662844   0.0944464   0.1519844   0.2256254   0.3135574
  0.4779564   0.0472784   0.0660264   0.0940884   0.1514454   0.2248934   0.3126554
  0.4789584   0.0470904   0.0657694   0.0937334   0.1509084   0.2241654   0.3117564
  0.4799604   0.0469044   0.0655134   0.0933794   0.1503744   0.2234404   0.3108614
  0.4809624   0.0467184   0.0652594   0.0930274   0.1498434   0.2227184   0.3099694
  0.4819644   0.0465334   0.0650064   0.0926774   0.1493144   0.2219994   0.3090804
  0.4829664   0.0463504   0.0647544   0.0923294   0.1487884   0.2212834   0.3081954
  0.4839684   0.0461684   0.0645044   0.0919834   0.1482654   0.2205704   0.3073124
  0.4849704   0.0459864   0.0642564   0.0916394   0.1477444   0.2198614   0.3064334
  0.4859724   0.0458064   0.0640094   0.0912964   0.1472264   0.2191544   0.3055584
  0.4869744   0.0456274   0.0637634   0.0909564   0.1467104   0.2184514   0.3046854
  0.4879764   0.0454494   0.0635184   0.0906174   0.1461974   0.2177514   0.3038164
  0.4889784   0.0452724   0.0632754   0.0902804   0.1456864   0.2170544   0.3029494
  0.4899804   0.0450964   0.0630344   0.0899454   0.1451784   0.2163604   0.3020864
  0.4909824   0.0449204   0.0627934   0.0896124   0.1446734   0.2156684   0.3012264
  0.4919844   0.0447464   0.0625554   0.0892814   0.1441704   0.2149804   0.3003704
  0.4929864   0.0445734   0.0623174   0.0889514   0.1436694   0.2142954   0.2995164
  0.4939884   0.0444014   0.0620814   0.0886234   0.1431714   0.2136134   0.2986654
  0.4949904   0.0442304   0.0618464   0.0882974   0.1426754   0.2129344   0.2978184
  0.4959924   0.0440604   0.0616124   0.0879734   0.1421824   0.2122584   0.2969744
  0.4969944   0.0438914   0.0613804   0.0876504   0.1416914   0.2115844   0.2961334
  0.4979964   0.0437234   0.0611494   0.0873294   0.1412034   0.2109144   0.2952944
  0.4989984   0.0435554   0.0609194   0.0870104   0.1407174   0.2102474   0.2944594
  0.5000004   0.0433894   0.0606904   0.0866924   0.1402334   0.2095824   0.2936274
