  0.0000004        nan4        nan4        nan4        nan4        nan4        nan4
  0.0010024   0.9557844   0.9474164   0.9367664   0.9177514   0.8961224   0.8717204
  0.0020044   0.9556284   0.9472264   0.9365424   0.9174814   0.8958174   0.8713884
  0.0030064   0.9553684   0.9469114   0.9361684   0.9170324   0.8953094   0.8708354
  0.0040084   0.9550054   0.9464694   0.9356454   0.9164034   0.8945984   0.8700614
  0.0050104   0.9545374   0.9459024   0.9349734   0.9155954   0.8936854   0.8690674
  0.0060124   0.9539664   0.9452094   0.9341524   0.9146094   0.8925704   0.8678534
  0.0070144   0.9532924   0.9443914   0.9331834   0.9134444   0.8912544   0.8664214
  0.0080164   0.9525144   0.9434484   0.9320664   0.9121034   0.8897384   0.8647724
  0.0090184   0.9516344   0.9423804   0.9308014   0.9105844   0.8880234   0.8629064
  0.0100204   0.9506514   0.9411884   0.9293904   0.9088914   0.8861104   0.8608264
  0.0110224   0.9495654   0.9398734   0.9278334   0.9070224   0.8840004   0.8585334
  0.0120244   0.9483784   0.9384344   0.9261314   0.9049804   0.8816964   0.8560284
  0.0130264   0.9470894   0.9368724   0.9242844   0.9027664   0.8791974   0.8533144
  0.0140284   0.9456994   0.9351894   0.9222944   0.9003814   0.8765074   0.8503924
  0.0150304   0.9442084   0.9333844   0.9201604   0.8978264   0.8736274   0.8472654
  0.0160324   0.9426174   0.9314584   0.9178864   0.8951034   0.8705594   0.8439364
  0.0170344   0.9409264   0.9294134   0.9154704   0.8922134   0.8673044   0.8404054
  0.0180364   0.9391374   0.9272494   0.9129154   0.8891584   0.8638664   0.8366774
  0.0190384   0.9372484   0.9249664   0.9102224   0.8859414   0.8602464   0.8327544
  0.0200404   0.9352624   0.9225664   0.9073924   0.8825614   0.8564474   0.8286394
  0.0210424   0.9331784   0.9200504   0.9044274   0.8790234   0.8524714   0.8243344
  0.0220444   0.9309984   0.9174184   0.9013274   0.8753274   0.8483204   0.8198444
  0.0230464   0.9287224   0.9146724   0.8980944   0.8714764   0.8439994   0.8151714
  0.0240484   0.9263504   0.9118134   0.8947304   0.8674714   0.8395094   0.8103184
  0.0250504   0.9238844   0.9088424   0.8912364   0.8633164   0.8348534   0.8052904
  0.0260524   0.9213244   0.9057594   0.8876144   0.8590134   0.8300344   0.8000904
  0.0270544   0.9186724   0.9025674   0.8838664   0.8545634   0.8250574   0.7947214
  0.0280564   0.9159274   0.8992664   0.8799934   0.8499704   0.8199224   0.7891884
  0.0290584   0.9130924   0.8958584   0.8759974   0.8452364   0.8146354   0.7834954
  0.0300604   0.9101664   0.8923444   0.8718804   0.8403634   0.8091994   0.7776454
  0.0310624   0.9071514   0.8887264   0.8676434   0.8353554   0.8036164   0.7716424
  0.0320644   0.9040474   0.8850044   0.8632904   0.8302144   0.7978904   0.7654924
  0.0330664   0.9008564   0.8811804   0.8588214   0.8249434   0.7920264   0.7591974
  0.0340684   0.8975794   0.8772564   0.8542394   0.8195454   0.7860264   0.7527634
  0.0350704   0.8942164   0.8732344   0.8495454   0.8140234   0.7798944   0.7461944
  0.0360724   0.8907694   0.8691134   0.8447434   0.8083794   0.7736354   0.7394944
  0.0370744   0.8872384   0.8648974   0.8398344   0.8026174   0.7672524   0.7326694
  0.0380764   0.8836264   0.8605874   0.8348194   0.7967404   0.7607494   0.7257224
  0.0390784   0.8799324   0.8561844   0.8297024   0.7907524   0.7541304   0.7186584
  0.0400804   0.8761594   0.8516914   0.8244854   0.7846544   0.7473984   0.7114824
  0.0410824   0.8723074   0.8471084   0.8191704   0.7784514   0.7405594   0.7041994
  0.0420844   0.8683774   0.8424374   0.8137594   0.7721464   0.7336164   0.6968134
  0.0430864   0.8643714   0.8376814   0.8082554   0.7657414   0.7265724   0.6893304
  0.0440884   0.8602904   0.8328404   0.8026604   0.7592414   0.7194344   0.6817544
  0.0450904   0.8561354   0.8279174   0.7969774   0.7526494   0.7122034   0.6740904
  0.0460924   0.8519084   0.8229144   0.7912074   0.7459674   0.7048854   0.6663434
  0.0470944   0.8476094   0.8178324   0.7853534   0.7392004   0.6974854   0.6585174
  0.0480964   0.8432404   0.8126734   0.7794194   0.7323514   0.6900054   0.6506184
  0.0490984   0.8388024   0.8074394   0.7734064   0.7254244   0.6824504   0.6426514
  0.0501004   0.8342974   0.8021324   0.7673164   0.7184214   0.6748254   0.6346204
  0.0511024   0.8297264   0.7967544   0.7611534   0.7113464   0.6671344   0.6265304
  0.0521044   0.8250904   0.7913064   0.7549194   0.7042024   0.6593814   0.6183864
  0.0531064   0.8203914   0.7857914   0.7486174   0.6969944   0.6515704   0.6101934
  0.0541084   0.8156304   0.7802104   0.7422484   0.6897254   0.6437054   0.6019554
  0.0551104   0.8108084   0.7745664   0.7358174   0.6823984   0.6357914   0.5936784
  0.0561124   0.8059274   0.7688604   0.7293244   0.6750164   0.6278324   0.5853664
  0.0571144   0.8009884   0.7630954   0.7227744   0.6675834   0.6198324   0.5770244
  0.0581164   0.7959944   0.7572714   0.7161684   0.6601034   0.6117944   0.5686564
  0.0591184   0.7909444   0.7513934   0.7095094   0.6525794   0.6037244   0.5602674
  0.0601204   0.7858404   0.7454604   0.7027994   0.6450144   0.5956254   0.5518614
  0.0611224   0.7806854   0.7394764   0.6960424   0.6374114   0.5875024   0.5434444
  0.0621244   0.7754794   0.7334434   0.6892404   0.6297754   0.5793584   0.5350194
  0.0631264   0.7702244   0.7273614   0.6823964   0.6221094   0.5711974   0.5265914
  0.0641284   0.7649224   0.7212344   0.6755114   0.6144154   0.5630234   0.5181644
  0.0651304   0.7595734   0.7150644   0.6685894   0.6066984   0.5548404   0.5097434
  0.0661324   0.7541804   0.7088514   0.6616334   0.5989604   0.5466524   0.5013314
  0.0671344   0.7487434   0.7025994   0.6546444   0.5912054   0.5384634   0.4929324
  0.0681364   0.7432654   0.6963104   0.6476264   0.5834374   0.5302764   0.4845514
  0.0691384   0.7377474   0.6899854   0.6405814   0.5756574   0.5220954   0.4761924
  0.0701404   0.7321904   0.6836264   0.6335114   0.5678704   0.5139234   0.4678584
  0.0711424   0.7265964   0.6772364   0.6264194   0.5600784   0.5057654   0.4595534
  0.0721444   0.7209664   0.6708164   0.6193084   0.5522864   0.4976234   0.4512814
  0.0731464   0.7153034   0.6643684   0.6121794   0.5444944   0.4895014   0.4430454
  0.0741484   0.7096064   0.6578954   0.6050374   0.5367084   0.4814024   0.4348494
  0.0751504   0.7038784   0.6513984   0.5978824   0.5289294   0.4733304   0.4266964
  0.0761524   0.6981214   0.6448794   0.5907174   0.5211614   0.4652884   0.4185904
  0.0771544   0.6923354   0.6383414   0.5835454   0.5134074   0.4572784   0.4105334
  0.0781564   0.6865224   0.6317854   0.5763684   0.5056694   0.4493054   0.4025304
  0.0791584   0.6806854   0.6252124   0.5691884   0.4979494   0.4413704   0.3945824
  0.0801604   0.6748234   0.6186264   0.5620094   0.4902524   0.4334774   0.3866924
  0.0811624   0.6689404   0.6120284   0.5548314   0.4825794   0.4256294   0.3788644
  0.0821644   0.6630354   0.6054194   0.5476574   0.4749334   0.4178284   0.3711014
  0.0831664   0.6571114   0.5988024   0.5404904   0.4673164   0.4100764   0.3634044
  0.0841684   0.6511704   0.5921784   0.5333314   0.4597324   0.4023774   0.3557764
  0.0851704   0.6452124   0.5855504   0.5261844   0.4521824   0.3947344   0.3482204
  0.0861724   0.6392384   0.5789194   0.5190494   0.4446694   0.3871474   0.3407384
  0.0871744   0.6332524   0.5722874   0.5119294   0.4371954   0.3796204   0.3333324
  0.0881764   0.6272534   0.5656554   0.5048274   0.4297634   0.3721554   0.3260054
  0.0891784   0.6212434   0.5590264   0.4977434   0.4223744   0.3647544   0.3187574
  0.0901804   0.6152244   0.5524014   0.4906804   0.4150314   0.3574194   0.3115914
  0.0911824   0.6091974   0.5457814   0.4836414   0.4077364   0.3501524   0.3045094
  0.0921844   0.6031644   0.5391704   0.4766264   0.4004904   0.3429554   0.2975134
  0.0931864   0.5971254   0.5325674   0.4696384   0.3932964   0.3358304   0.2906034
  0.0941884   0.5910834   0.5259754   0.4626794   0.3861564   0.3287784   0.2837824
  0.0951904   0.5850384   0.5193964   0.4557504   0.3790714   0.3218024   0.2770504
  0.0961924   0.5789924   0.5128304   0.4488534   0.3720434   0.3149014   0.2704094
  0.0971944   0.5729464   0.5062814   0.4419904   0.3650744   0.3080794   0.2638614
  0.0981964   0.5669024   0.4997484   0.4351634   0.3581654   0.3013364   0.2574064
  0.0991984   0.5608604   0.4932344   0.4283724   0.3513184   0.2946744   0.2510454
  0.1002004   0.5548234   0.4867404   0.4216214   0.3445354   0.2880944   0.2447784
  0.1012024   0.5487914   0.4802674   0.4149094   0.3378164   0.2815974   0.2386084
  0.1022044   0.5427654   0.4738184   0.4082394   0.3311644   0.2751844   0.2325344
  0.1032064   0.5367474   0.4673934   0.4016124   0.3245794   0.2688564   0.2265584
  0.1042084   0.5307394   0.4609944   0.3950304   0.3180624   0.2626144   0.2206784
  0.1052104   0.5247404   0.4546214   0.3884944   0.3116164   0.2564584   0.2148974
  0.1062124   0.5187534   0.4482784   0.3820044   0.3052404   0.2503904   0.2092144
  0.1072144   0.5127784   0.4419634   0.3755644   0.2989364   0.2444104   0.2036304
  0.1082164   0.5068174   0.4356804   0.3691724   0.2927054   0.2385194   0.1981444
  0.1092184   0.5008714   0.4294294   0.3628324   0.2865474   0.2327174   0.1927574
  0.1102204   0.4949414   0.4232114   0.3565444   0.2804654   0.2270054   0.1874694
  0.1112224   0.4890284   0.4170284   0.3503094   0.2744574   0.2213824   0.1822804
  0.1122244   0.4831334   0.4108804   0.3441274   0.2685264   0.2158504   0.1771904
  0.1132264   0.4772584   0.4047704   0.3380014   0.2626714   0.2104094   0.1721974
  0.1142284   0.4714024   0.3986964   0.3319324   0.2568944   0.2050584   0.1673034
  0.1152304   0.4655684   0.3926624   0.3259194   0.2511944   0.1997974   0.1625074
  0.1162324   0.4597564   0.3866684   0.3199644   0.2455734   0.1946284   0.1578084
  0.1172344   0.4539674   0.3807144   0.3140674   0.2400314   0.1895494   0.1532064
  0.1182364   0.4482024   0.3748034   0.3082304   0.2345684   0.1845614   0.1487014
  0.1192384   0.4424634   0.3689334   0.3024544   0.2291844   0.1796644   0.1442914
  0.1202404   0.4367494   0.3631084   0.2967384   0.2238804   0.1748564   0.1399774
  0.1212424   0.4310624   0.3573274   0.2910844   0.2186564   0.1701394   0.1357574
  0.1222444   0.4254044   0.3515914   0.2854914   0.2135124   0.1655124   0.1316314
  0.1232464   0.4197734   0.3459014   0.2799624   0.2084484   0.1609734   0.1275984
  0.1242484   0.4141734   0.3402584   0.2744964   0.2034644   0.1565244   0.1236574
  0.1252514   0.4086034   0.3346634   0.2690944   0.1985614   0.1521634   0.1198084
  0.1262534   0.4030634   0.3291154   0.2637564   0.1937384   0.1478904   0.1160484
  0.1272554   0.3975564   0.3236174   0.2584824   0.1889954   0.1437054   0.1123784
  0.1282574   0.3920814   0.3181684   0.2532744   0.1843324   0.1396064   0.1087974
  0.1292594   0.3866404   0.3127694   0.2481314   0.1797494   0.1355934   0.1053034
  0.1302614   0.3812334   0.3074214   0.2430544   0.1752454   0.1316664   0.1018954
  0.1312634   0.3758604   0.3021244   0.2380424   0.1708214   0.1278244   0.0985734
  0.1322654   0.3705234   0.2968794   0.2330974   0.1664764   0.1240654   0.0953344
  0.1332674   0.3652224   0.2916864   0.2282184   0.1622104   0.1203904   0.0921794
  0.1342694   0.3599584   0.2865464   0.2234054   0.1580224   0.1167974   0.0891054
  0.1352714   0.3547314   0.2814594   0.2186604   0.1539124   0.1132864   0.0861124
  0.1362734   0.3495424   0.2764254   0.2139804   0.1498794   0.1098554   0.0831994
  0.1372754   0.3443924   0.2714454   0.2093684   0.1459244   0.1065044   0.0803644
  0.1382774   0.3392804   0.2665204   0.2048224   0.1420454   0.1032324   0.0776054
  0.1392794   0.3342094   0.2616494   0.2003434   0.1382434   0.1000374   0.0749224
  0.1402814   0.3291774   0.2568334   0.1959314   0.1345154   0.0969204   0.0723144
  0.1412834   0.3241854   0.2520724   0.1915854   0.1308634   0.0938784   0.0697784
  0.1422854   0.3192354   0.2473674   0.1873064   0.1272854   0.0909114   0.0673154
  0.1432874   0.3143264   0.2427174   0.1830934   0.1237804   0.0880184   0.0649224
  0.1442894   0.3094594   0.2381224   0.1789464   0.1203484   0.0851984   0.0625984
  0.1452914   0.3046354   0.2335844   0.1748654   0.1169894   0.0824494   0.0603424
  0.1462934   0.2998524   0.2291014   0.1708514   0.1137014   0.0797714   0.0581524
  0.1472954   0.2951134   0.2246754   0.1669014   0.1104844   0.0771634   0.0560284
  0.1482974   0.2904184   0.2203054   0.1630174   0.1073374   0.0746234   0.0539684
  0.1492994   0.2857664   0.2159914   0.1591984   0.1042594   0.0721504   0.0519704
  0.1503014   0.2811584   0.2117344   0.1554444   0.1012494   0.0697434   0.0500334
  0.1513034   0.2765944   0.2075324   0.1517544   0.0983074   0.0674014   0.0481574
  0.1523054   0.2720744   0.2033874   0.1481284   0.0954324   0.0651234   0.0463394
  0.1533074   0.2676004   0.1992994   0.1445654   0.0926234   0.0629084   0.0445784
  0.1543094   0.2631704   0.1952664   0.1410664   0.0898794   0.0607544   0.0428734
  0.1553114   0.2587864   0.1912904   0.1376294   0.0871994   0.0586614   0.0412234
  0.1563134   0.2544474   0.1873704   0.1342554   0.0845834   0.0566274   0.0396274
  0.1573154   0.2501544   0.1835054   0.1309434   0.0820294   0.0546514   0.0380834
  0.1583174   0.2459064   0.1796974   0.1276924   0.0795364   0.0527324   0.0365894
  0.1593194   0.2417054   0.1759444   0.1245014   0.0771044   0.0508694   0.0351454
  0.1603214   0.2375494   0.1722464   0.1213724   0.0747324   0.0490614   0.0337504
  0.1613234   0.2334394   0.1686044   0.1183024   0.0724194   0.0473064   0.0324024
  0.1623254   0.2293764   0.1650174   0.1152914   0.0701634   0.0456044   0.0310994
  0.1633274   0.2253594   0.1614854   0.1123394   0.0679654   0.0439534   0.0298424
  0.1643294   0.2213884   0.1580074   0.1094454   0.0658224   0.0423524   0.0286284
  0.1653314   0.2174634   0.1545844   0.1066084   0.0637354   0.0408004   0.0274564
  0.1663334   0.2135854   0.1512144   0.1038294   0.0617024   0.0392964   0.0263264
  0.1673354   0.2097534   0.1478994   0.1011064   0.0597214   0.0378394   0.0252364
  0.1683374   0.2059684   0.1446374   0.0984384   0.0577944   0.0364284   0.0241854
  0.1693394   0.2022294   0.1414284   0.0958264   0.0559174   0.0350614   0.0231714
  0.1703414   0.1985364   0.1382724   0.0932684   0.0540914   0.0337384   0.0221954
  0.1713434   0.1948904   0.1351684   0.0907644   0.0523144   0.0324584   0.0212544
  0.1723454   0.1912904   0.1321174   0.0883134   0.0505854   0.0312194   0.0203484
  0.1733474   0.1877364   0.1291174   0.0859154   0.0489044   0.0300204   0.0194764
  0.1743494   0.1842284   0.1261684   0.0835684   0.0472704   0.0288614   0.0186364
  0.1753514   0.1807654   0.1232714   0.0812734   0.0456814   0.0277414   0.0178284
  0.1763534   0.1773494   0.1204244   0.0790284   0.0441384   0.0266584   0.0170514
  0.1773554   0.1739784   0.1176274   0.0768334   0.0426384   0.0256114   0.0163044
  0.1783574   0.1706534   0.1148794   0.0746864   0.0411804   0.0246004   0.0155854
  0.1793594   0.1673744   0.1121814   0.0725894   0.0397654   0.0236244   0.0148944
  0.1803614   0.1641394   0.1095324   0.0705384   0.0383914   0.0226814   0.0142304
  0.1813634   0.1609504   0.1069314   0.0685354   0.0370584   0.0217704   0.0135934
  0.1823654   0.1578054   0.1043784   0.0665784   0.0357634   0.0208924   0.0129804
  0.1833674   0.1547054   0.1018734   0.0646674   0.0345074   0.0200444   0.0123924
  0.1843694   0.1516504   0.0994144   0.0628014   0.0332894   0.0192274   0.0118284
  0.1853714   0.1486384   0.0970024   0.0609784   0.0321074   0.0184394   0.0112864
  0.1863734   0.1456714   0.0946364   0.0591994   0.0309614   0.0176794   0.0107674
  0.1873754   0.1427474   0.0923154   0.0574634   0.0298514   0.0169464   0.0102694
  0.1883774   0.1398674   0.0900394   0.0557694   0.0287744   0.0162404   0.0097914
  0.1893794   0.1370304   0.0878074   0.0541164   0.0277314   0.0155604   0.0093344
  0.1903814   0.1342364   0.0856204   0.0525044   0.0267204   0.0149054   0.0088954
  0.1913834   0.1314854   0.0834764   0.0509324   0.0257424   0.0142754   0.0084754
  0.1923854   0.1287764   0.0813754   0.0493994   0.0247944   0.0136684   0.0080734
  0.1933874   0.1261104   0.0793164   0.0479044   0.0238764   0.0130844   0.0076874
  0.1943894   0.1234854   0.0772994   0.0464484   0.0229884   0.0125224   0.0073194
  0.1953914   0.1209024   0.0753234   0.0450284   0.0221294   0.0119814   0.0069664
  0.1963934   0.1183594   0.0733884   0.0436454   0.0212984   0.0114614   0.0066284
  0.1973954   0.1158584   0.0714934   0.0422974   0.0204934   0.0109614   0.0063064
  0.1983974   0.1133984   0.0696384   0.0409854   0.0197164   0.0104814   0.0059974
  0.1993994   0.1109774   0.0678224   0.0397074   0.0189644   0.0100194   0.0057024
  0.2004014   0.1085974   0.0660444   0.0384634   0.0182374   0.0095764   0.0054214
  0.2014034   0.1062554   0.0643054   0.0372514   0.0175354   0.0091504   0.0051524
  0.2024054   0.1039544   0.0626034   0.0360734   0.0168564   0.0087414   0.0048954
  0.2034074   0.1016914   0.0609384   0.0349254   0.0162014   0.0083494   0.0046494
  0.2044094   0.0994664   0.0593094   0.0338094   0.0155684   0.0079724   0.0044154
  0.2054114   0.0972804   0.0577174   0.0327244   0.0149564   0.0076104   0.0041924
  0.2064134   0.0951314   0.0561594   0.0316684   0.0143664   0.0072644   0.0039784
  0.2074154   0.0930204   0.0546364   0.0306424   0.0137974   0.0069314   0.0037754
  0.2084174   0.0909454   0.0531484   0.0296444   0.0132474   0.0066124   0.0035814
  0.2094194   0.0889084   0.0516934   0.0286744   0.0127174   0.0063074   0.0033974
  0.2104214   0.0869064   0.0502724   0.0277314   0.0122064   0.0060144   0.0032214
  0.2114234   0.0849404   0.0488834   0.0268154   0.0117134   0.0057344   0.0030534
  0.2124254   0.0830104   0.0475264   0.0259254   0.0112384   0.0054654   0.0028934
  0.2134274   0.0811154   0.0462004   0.0250604   0.0107794   0.0052084   0.0027414
  0.2144294   0.0792554   0.0449064   0.0242214   0.0103384   0.0049614   0.0025974
  0.2154314   0.0774294   0.0436424   0.0234064   0.0099134   0.0047264   0.0024594
  0.2164334   0.0756364   0.0424084   0.0226154   0.0095034   0.0045004   0.0023284
  0.2174354   0.0738774   0.0412034   0.0218474   0.0091084   0.0042854   0.0022034
  0.2184374   0.0721524   0.0400284   0.0211024   0.0087294   0.0040784   0.0020854
  0.2194394   0.0704594   0.0388804   0.0203794   0.0083634   0.0038814   0.0019724
  0.2204414   0.0687984   0.0377614   0.0196774   0.0080114   0.0036924   0.0018664
  0.2214434   0.0671694   0.0366694   0.0189974   0.0076724   0.0035124   0.0017644
  0.2224454   0.0655714   0.0356034   0.0183374   0.0073474   0.0033404   0.0016674
  0.2234474   0.0640054   0.0345654   0.0176984   0.0070334   0.0031764   0.0015764
  0.2244494   0.0624694   0.0335524   0.0170784   0.0067324   0.0030194   0.0014894
  0.2254514   0.0609644   0.0325644   0.0164774   0.0064434   0.0028694   0.0014064
  0.2264534   0.0594884   0.0316014   0.0158944   0.0061644   0.0027264   0.0013284
  0.2274554   0.0580424   0.0306634   0.0153304   0.0058974   0.0025894   0.0012544
  0.2284574   0.0566254   0.0297484   0.0147844   0.0056404   0.0024594   0.0011834
  0.2294594   0.0552364   0.0288574   0.0142554   0.0053934   0.0023354   0.0011174
  0.2304614   0.0538754   0.0279894   0.0137424   0.0051564   0.0022164   0.0010544
  0.2314634   0.0525434   0.0271444   0.0132464   0.0049284   0.0021034   0.0009944
  0.2324654   0.0512384   0.0263204   0.0127654   0.0047104   0.0019964   0.0009374
  0.2334674   0.0499604   0.0255184   0.0123014   0.0045004   0.0018934   0.0008834
  0.2344694   0.0487084   0.0247374   0.0118514   0.0042994   0.0017964   0.0008324
  0.2354714   0.0474834   0.0239774   0.0114164   0.0041064   0.0017024   0.0007844
  0.2364734   0.0462834   0.0232384   0.0109954   0.0039214   0.0016144   0.0007394
  0.2374754   0.0451094   0.0225184   0.0105874   0.0037444   0.0015304   0.0006964
  0.2384774   0.0439604   0.0218174   0.0101944   0.0035734   0.0014494   0.0006554
  0.2394794   0.0428354   0.0211364   0.0098134   0.0034104   0.0013734   0.0006164
  0.2404814   0.0417354   0.0204734   0.0094454   0.0032544   0.0013004   0.0005804
  0.2414834   0.0406594   0.0198284   0.0090904   0.0031044   0.0012314   0.0005464
  0.2424854   0.0396064   0.0192014   0.0087464   0.0029614   0.0011664   0.0005134
  0.2434874   0.0385764   0.0185914   0.0084144   0.0028244   0.0011034   0.0004834
  0.2444894   0.0375694   0.0179984   0.0080944   0.0026924   0.0010444   0.0004544
  0.2454914   0.0365844   0.0174224   0.0077844   0.0025664   0.0009884   0.0004264
  0.2464934   0.0356214   0.0168624   0.0074854   0.0024464   0.0009344   0.0004014
  0.2474954   0.0346804   0.0163184   0.0071964   0.0023314   0.0008834   0.0003764
  0.2484974   0.0337604   0.0157894   0.0069184   0.0022204   0.0008354   0.0003534
  0.2494994   0.0328614   0.0152764   0.0066494   0.0021154   0.0007894   0.0003324
  0.2505014   0.0319824   0.0147774   0.0063904   0.0020144   0.0007464   0.0003114
  0.2515034   0.0311234   0.0142934   0.0061394   0.0019184   0.0007054   0.0002924
  0.2525054   0.0302854   0.0138224   0.0058984   0.0018254   0.0006664   0.0002744
  0.2535074   0.0294654   0.0133664   0.0056654   0.0017374   0.0006294   0.0002574
  0.2545094   0.0286654   0.0129224   0.0054404   0.0016534   0.0005934   0.0002414
  0.2555114   0.0278834   0.0124924   0.0052244   0.0015734   0.0005604   0.0002264
  0.2565134   0.0271204   0.0120754   0.0050154   0.0014964   0.0005294   0.0002124
  0.2575154   0.0263754   0.0116694   0.0048144   0.0014234   0.0004994   0.0001984
  0.2585174   0.0256474   0.0112764   0.0046214   0.0013534   0.0004704   0.0001864
  0.2595194   0.0249374   0.0108954   0.0044344   0.0012864   0.0004444   0.0001744
  0.2605214   0.0242444   0.0105254   0.0042544   0.0012224   0.0004184   0.0001634
  0.2615234   0.0235684   0.0101674   0.0040814   0.0011624   0.0003944   0.0001534
  0.2625254   0.0229084   0.0098194   0.0039144   0.0011044   0.0003724   0.0001434
  0.2635274   0.0222644   0.0094824   0.0037544   0.0010484   0.0003504   0.0001344
  0.2645294   0.0216364   0.0091564   0.0035994   0.0009964   0.0003304   0.0001254
  0.2655314   0.0210234   0.0088394   0.0034514   0.0009454   0.0003114   0.0001174
  0.2665334   0.0204254   0.0085324   0.0033074   0.0008974   0.0002924   0.0001094
  0.2675354   0.0198434   0.0082354   0.0031704   0.0008524   0.0002754   0.0001024
  0.2685374   0.0192744   0.0079474   0.0030374   0.0008084   0.0002594   0.0000954
  0.2695394   0.0187204   0.0076684   0.0029104   0.0007674   0.0002444   0.0000894
  0.2705414   0.0181814   0.0073984   0.0027884   0.0007284   0.0002294   0.0000834
  0.2715434   0.0176544   0.0071374   0.0026704   0.0006904   0.0002164   0.0000784
  0.2725454   0.0171414   0.0068844   0.0025574   0.0006544   0.0002034   0.0000724
  0.2735474   0.0166414   0.0066394   0.0024484   0.0006204   0.0001914   0.0000684
  0.2745494   0.0161544   0.0064014   0.0023444   0.0005884   0.0001794   0.0000634
  0.2755514   0.0156804   0.0061724   0.0022434   0.0005574   0.0001684   0.0000594
  0.2765534   0.0152184   0.0059504   0.0021474   0.0005284   0.0001584   0.0000554
  0.2775554   0.0147684   0.0057354   0.0020544   0.0005004   0.0001494   0.0000514
  0.2785574   0.0143294   0.0055274   0.0019654   0.0004744   0.0001394   0.0000484
  0.2795594   0.0139024   0.0053264   0.0018804   0.0004494   0.0001314   0.0000444
  0.2805614   0.0134874   0.0051324   0.0017984   0.0004254   0.0001234   0.0000414
  0.2815634   0.0130824   0.0049444   0.0017194   0.0004024   0.0001154   0.0000394
  0.2825654   0.0126884   0.0047624   0.0016444   0.0003804   0.0001084   0.0000364
  0.2835674   0.0123054   0.0045864   0.0015714   0.0003604   0.0001014   0.0000334
  0.2845694   0.0119324   0.0044174   0.0015024   0.0003414   0.0000954   0.0000314
  0.2855714   0.0115694   0.0042534   0.0014354   0.0003224   0.0000894   0.0000294
  0.2865734   0.0112164   0.0040944   0.0013714   0.0003054   0.0000844   0.0000274
  0.2875754   0.0108724   0.0039414   0.0013104   0.0002884   0.0000784   0.0000254
  0.2885774   0.0105384   0.0037934   0.0012514   0.0002724   0.0000734   0.0000234
  0.2895794   0.0102134   0.0036514   0.0011954   0.0002574   0.0000694   0.0000224
  0.2905814   0.0098974   0.0035134   0.0011414   0.0002434   0.0000644   0.0000204
  0.2915834   0.0095904   0.0033804   0.0010904   0.0002304   0.0000604   0.0000194
  0.2925854   0.0092914   0.0032514   0.0010404   0.0002174   0.0000564   0.0000174
  0.2935874   0.0090014   0.0031274   0.0009934   0.0002054   0.0000534   0.0000164
  0.2945894   0.0087184   0.0030074   0.0009474   0.0001934   0.0000494   0.0000154
  0.2955914   0.0084444   0.0028924   0.0009044   0.0001834   0.0000464   0.0000144
  0.2965934   0.0081774   0.0027804   0.0008624   0.0001724   0.0000434   0.0000134
  0.2975954   0.0079184   0.0026734   0.0008224   0.0001634   0.0000404   0.0000124
  0.2985974   0.0076674   0.0025694   0.0007844   0.0001534   0.0000384   0.0000114
  0.2995994   0.0074224   0.0024694   0.0007484   0.0001454   0.0000354   0.0000104
  0.3006014   0.0071854   0.0023734   0.0007134   0.0001364   0.0000334   0.0000094
  0.3016034   0.0069544   0.0022804   0.0006804   0.0001294   0.0000314   0.0000094
  0.3026054   0.0067304   0.0021904   0.0006484   0.0001214   0.0000294   0.0000084
  0.3036074   0.0065134   0.0021044   0.0006174   0.0001144   0.0000274   0.0000084
  0.3046094   0.0063024   0.0020214   0.0005884   0.0001084   0.0000254   0.0000074
  0.3056114   0.0060974   0.0019404   0.0005604   0.0001014   0.0000234   0.0000064
  0.3066134   0.0058984   0.0018634   0.0005344   0.0000964   0.0000224   0.0000064
  0.3076154   0.0057054   0.0017894   0.0005084   0.0000904   0.0000204   0.0000064
  0.3086174   0.0055184   0.0017174   0.0004844   0.0000854   0.0000194   0.0000054
  0.3096194   0.0053364   0.0016484   0.0004614   0.0000804   0.0000184   0.0000054
  0.3106214   0.0051604   0.0015824   0.0004384   0.0000754   0.0000174   0.0000044
  0.3116234   0.0049894   0.0015184   0.0004174   0.0000714   0.0000154   0.0000044
  0.3126254   0.0048234   0.0014564   0.0003974   0.0000664   0.0000144   0.0000044
  0.3136274   0.0046624   0.0013974   0.0003784   0.0000634   0.0000134   0.0000034
  0.3146294   0.0045064   0.0013404   0.0003594   0.0000594   0.0000124   0.0000034
  0.3156314   0.0043554   0.0012854   0.0003424   0.0000554   0.0000124   0.0000034
  0.3166334   0.0042084   0.0012324   0.0003254   0.0000524   0.0000114   0.0000034
  0.3176354   0.0040664   0.0011814   0.0003094   0.0000494   0.0000104   0.0000034
  0.3186374   0.0039284   0.0011334   0.0002944   0.0000464   0.0000094   0.0000024
  0.3196394   0.0037954   0.0010864   0.0002794   0.0000434   0.0000094   0.0000024
  0.3206414   0.0036664   0.0010404   0.0002654   0.0000414   0.0000084   0.0000024
  0.3216434   0.0035404   0.0009974   0.0002524   0.0000384   0.0000084   0.0000024
  0.3226454   0.0034194   0.0009554   0.0002404   0.0000364   0.0000074   0.0000024
  0.3236474   0.0033014   0.0009154   0.0002284   0.0000344   0.0000064   0.0000024
  0.3246494   0.0031874   0.0008774   0.0002164   0.0000324   0.0000064   0.0000014
  0.3256514   0.0030774   0.0008404   0.0002054   0.0000304   0.0000064   0.0000014
  0.3266534   0.0029704   0.0008044   0.0001954   0.0000284   0.0000054   0.0000014
  0.3276554   0.0028674   0.0007704   0.0001854   0.0000264   0.0000054   0.0000014
  0.3286574   0.0027674   0.0007374   0.0001764   0.0000244   0.0000044   0.0000014
  0.3296594   0.0026704   0.0007064   0.0001674   0.0000234   0.0000044   0.0000014
  0.3306614   0.0025764   0.0006754   0.0001584   0.0000214   0.0000044   0.0000014
  0.3316634   0.0024854   0.0006464   0.0001504   0.0000204   0.0000044   0.0000014
  0.3326654   0.0023984   0.0006194   0.0001424   0.0000194   0.0000034   0.0000014
  0.3336674   0.0023134   0.0005924   0.0001354   0.0000184   0.0000034   0.0000014
  0.3346694   0.0022304   0.0005664   0.0001284   0.0000174   0.0000034   0.0000014
  0.3356714   0.0021514   0.0005424   0.0001214   0.0000154   0.0000034   0.0000014
  0.3366734   0.0020744   0.0005184   0.0001154   0.0000154   0.0000024   0.0000014
  0.3376754   0.0020004   0.0004954   0.0001094   0.0000144   0.0000024   0.0000004
  0.3386774   0.0019284   0.0004744   0.0001034   0.0000134   0.0000024   0.0000004
  0.3396794   0.0018584   0.0004534   0.0000984   0.0000124   0.0000024   0.0000004
  0.3406814   0.0017914   0.0004334   0.0000934   0.0000114   0.0000024   0.0000004
  0.3416834   0.0017264   0.0004144   0.0000884   0.0000104   0.0000024   0.0000004
  0.3426854   0.0016634   0.0003954   0.0000834   0.0000104   0.0000024   0.0000004
  0.3436874   0.0016034   0.0003784   0.0000794   0.0000094   0.0000014   0.0000004
  0.3446894   0.0015444   0.0003614   0.0000754   0.0000094   0.0000014   0.0000004
  0.3456914   0.0014874   0.0003454   0.0000714   0.0000084   0.0000014   0.0000004
  0.3466934   0.0014334   0.0003294   0.0000674   0.0000074   0.0000014   0.0000004
  0.3476954   0.0013804   0.0003144   0.0000634   0.0000074   0.0000014   0.0000004
  0.3486974   0.0013294   0.0003004   0.0000604   0.0000074   0.0000014   0.0000004
  0.3496994   0.0012804   0.0002874   0.0000574   0.0000064   0.0000014   0.0000004
  0.3507014   0.0012324   0.0002744   0.0000534   0.0000064   0.0000014   0.0000004
  0.3517034   0.0011864   0.0002614   0.0000514   0.0000054   0.0000014   0.0000004
  0.3527054   0.0011424   0.0002494   0.0000484   0.0000054   0.0000014   0.0000004
  0.3537074   0.0010994   0.0002384   0.0000454   0.0000054   0.0000014   0.0000004
  0.3547094   0.0010574   0.0002274   0.0000434   0.0000044   0.0000014   0.0000004
  0.3557114   0.0010184   0.0002164   0.0000404   0.0000044   0.0000014   0.0000004
  0.3567134   0.0009794   0.0002064   0.0000384   0.0000044   0.0000014   0.0000004
  0.3577154   0.0009424   0.0001974   0.0000364   0.0000034   0.0000004   0.0000004
  0.3587174   0.0009064   0.0001884   0.0000344   0.0000034   0.0000004   0.0000004
  0.3597194   0.0008724   0.0001794   0.0000324   0.0000034   0.0000004   0.0000004
  0.3607214   0.0008384   0.0001714   0.0000304   0.0000034   0.0000004   0.0000004
  0.3617234   0.0008064   0.0001634   0.0000294   0.0000034   0.0000004   0.0000004
  0.3627254   0.0007754   0.0001554   0.0000274   0.0000024   0.0000004   0.0000004
  0.3637274   0.0007454   0.0001484   0.0000264   0.0000024   0.0000004   0.0000004
  0.3647294   0.0007164   0.0001414   0.0000244   0.0000024   0.0000004   0.0000004
  0.3657314   0.0006894   0.0001344   0.0000234   0.0000024   0.0000004   0.0000004
  0.3667334   0.0006624   0.0001284   0.0000214   0.0000024   0.0000004   0.0000004
  0.3677354   0.0006364   0.0001224   0.0000204   0.0000024   0.0000004   0.0000004
  0.3687374   0.0006114   0.0001164   0.0000194   0.0000024   0.0000004   0.0000004
  0.3697394   0.0005874   0.0001104   0.0000184   0.0000014   0.0000004   0.0000004
  0.3707414   0.0005644   0.0001054   0.0000174   0.0000014   0.0000004   0.0000004
  0.3717434   0.0005424   0.0001004   0.0000164   0.0000014   0.0000004   0.0000004
  0.3727454   0.0005214   0.0000954   0.0000154   0.0000014   0.0000004   0.0000004
  0.3737474   0.0005004   0.0000914   0.0000144   0.0000014   0.0000004   0.0000004
  0.3747494   0.0004804   0.0000864   0.0000134   0.0000014   0.0000004   0.0000004
  0.3757524   0.0004614   0.0000824   0.0000134   0.0000014   0.0000004   0.0000004
  0.3767544   0.0004434   0.0000784   0.0000124   0.0000014   0.0000004   0.0000004
  0.3777564   0.0004254   0.0000744   0.0000114   0.0000014   0.0000004   0.0000004
  0.3787584   0.0004084   0.0000714   0.0000114   0.0000014   0.0000004   0.0000004
  0.3797604   0.0003924   0.0000674   0.0000104   0.0000014   0.0000004   0.0000004
  0.3807624   0.0003764   0.0000644   0.0000094   0.0000014   0.0000004   0.0000004
  0.3817644   0.0003614   0.0000614   0.0000094   0.0000014   0.0000004   0.0000004
  0.3827664   0.0003464   0.0000584   0.0000084   0.0000014   0.0000004   0.0000004
  0.3837684   0.0003324   0.0000554   0.0000084   0.0000014   0.0000004   0.0000004
  0.3847704   0.0003184   0.0000524   0.0000074   0.0000004   0.0000004   0.0000004
  0.3857724   0.0003054   0.0000504   0.0000074   0.0000004   0.0000004   0.0000004
  0.3867744   0.0002934   0.0000474   0.0000064   0.0000004   0.0000004   0.0000004
  0.3877764   0.0002814   0.0000454   0.0000064   0.0000004   0.0000004   0.0000004
  0.3887784   0.0002694   0.0000424   0.0000064   0.0000004   0.0000004   0.0000004
  0.3897804   0.0002584   0.0000404   0.0000054   0.0000004   0.0000004   0.0000004
  0.3907824   0.0002484   0.0000384   0.0000054   0.0000004   0.0000004   0.0000004
  0.3917844   0.0002374   0.0000364   0.0000054   0.0000004   0.0000004   0.0000004
  0.3927864   0.0002274   0.0000354   0.0000044   0.0000004   0.0000004   0.0000004
  0.3937884   0.0002184   0.0000334   0.0000044   0.0000004   0.0000004   0.0000004
  0.3947904   0.0002094   0.0000314   0.0000044   0.0000004   0.0000004   0.0000004
  0.3957924   0.0002004   0.0000304   0.0000044   0.0000004   0.0000004   0.0000004
  0.3967944   0.0001924   0.0000284   0.0000034   0.0000004   0.0000004   0.0000004
  0.3977964   0.0001844   0.0000274   0.0000034   0.0000004   0.0000004   0.0000004
  0.3987984   0.0001764   0.0000254   0.0000034   0.0000004   0.0000004   0.0000004
  0.3998004   0.0001684   0.0000244   0.0000034   0.0000004   0.0000004   0.0000004
  0.4008024   0.0001614   0.0000234   0.0000034   0.0000004   0.0000004   0.0000004
  0.4018044   0.0001544   0.0000214   0.0000034   0.0000004   0.0000004   0.0000004
  0.4028064   0.0001484   0.0000204   0.0000024   0.0000004   0.0000004   0.0000004
  0.4038084   0.0001424   0.0000194   0.0000024   0.0000004   0.0000004   0.0000004
  0.4048104   0.0001364   0.0000184   0.0000024   0.0000004   0.0000004   0.0000004
  0.4058124   0.0001304   0.0000174   0.0000024   0.0000004   0.0000004   0.0000004
  0.4068144   0.0001244   0.0000164   0.0000024   0.0000004   0.0000004   0.0000004
  0.4078164   0.0001194   0.0000164   0.0000024   0.0000004   0.0000004   0.0000004
  0.4088184   0.0001144   0.0000154   0.0000024   0.0000004   0.0000004   0.0000004
  0.4098204   0.0001094   0.0000144   0.0000024   0.0000004   0.0000004   0.0000004
  0.4108224   0.0001044   0.0000134   0.0000014   0.0000004   0.0000004   0.0000004
  0.4118244   0.0000994   0.0000134   0.0000014   0.0000004   0.0000004   0.0000004
  0.4128264   0.0000954   0.0000124   0.0000014   0.0000004   0.0000004   0.0000004
  0.4138284   0.0000914   0.0000114   0.0000014   0.0000004   0.0000004   0.0000004
  0.4148304   0.0000874   0.0000114   0.0000014   0.0000004   0.0000004   0.0000004
  0.4158324   0.0000834   0.0000104   0.0000014   0.0000004   0.0000004   0.0000004
  0.4168344   0.0000804   0.0000104   0.0000014   0.0000004   0.0000004   0.0000004
  0.4178364   0.0000764   0.0000094   0.0000014   0.0000004   0.0000004   0.0000004
  0.4188384   0.0000734   0.0000094   0.0000014   0.0000004   0.0000004   0.0000004
  0.4198404   0.0000694   0.0000084   0.0000014   0.0000004   0.0000004   0.0000004
  0.4208424   0.0000664   0.0000084   0.0000014   0.0000004   0.0000004   0.0000004
  0.4218444   0.0000634   0.0000074   0.0000014   0.0000004   0.0000004   0.0000004
  0.4228464   0.0000614   0.0000074   0.0000014   0.0000004   0.0000004   0.0000004
  0.4238484   0.0000584   0.0000064   0.0000014   0.0000004   0.0000004   0.0000004
  0.4248504   0.0000554   0.0000064   0.0000014   0.0000004   0.0000004   0.0000004
  0.4258524   0.0000534   0.0000064   0.0000014   0.0000004   0.0000004   0.0000004
  0.4268544   0.0000504   0.0000054   0.0000004   0.0000004   0.0000004   0.0000004
  0.4278564   0.0000484   0.0000054   0.0000004   0.0000004   0.0000004   0.0000004
  0.4288584   0.0000464   0.0000054   0.0000004   0.0000004   0.0000004   0.0000004
  0.4298604   0.0000444   0.0000054   0.0000004   0.0000004   0.0000004   0.0000004
  0.4308624   0.0000424   0.0000044   0.0000004   0.0000004   0.0000004   0.0000004
  0.4318644   0.0000404   0.0000044   0.0000004   0.0000004   0.0000004   0.0000004
  0.4328664   0.0000384   0.0000044   0.0000004   0.0000004   0.0000004   0.0000004
  0.4338684   0.0000364   0.0000044   0.0000004   0.0000004   0.0000004   0.0000004
  0.4348704   0.0000354   0.0000034   0.0000004   0.0000004   0.0000004   0.0000004
  0.4358724   0.0000334   0.0000034   0.0000004   0.0000004   0.0000004   0.0000004
  0.4368744   0.0000324   0.0000034   0.0000004   0.0000004   0.0000004   0.0000004
  0.4378764   0.0000304   0.0000034   0.0000004   0.0000004   0.0000004   0.0000004
  0.4388784   0.0000294   0.0000034   0.0000004   0.0000004   0.0000004   0.0000004
  0.4398804   0.0000274   0.0000034   0.0000004   0.0000004   0.0000004   0.0000004
  0.4408824   0.0000264   0.0000024   0.0000004   0.0000004   0.0000004   0.0000004
  0.4418844   0.0000254   0.0000024   0.0000004   0.0000004   0.0000004   0.0000004
  0.4428864   0.0000244   0.0000024   0.0000004   0.0000004   0.0000004   0.0000004
  0.4438884   0.0000234   0.0000024   0.0000004   0.0000004   0.0000004   0.0000004
  0.4448904   0.0000224   0.0000024   0.0000004   0.0000004   0.0000004   0.0000004
  0.4458924   0.0000214   0.0000024   0.0000004   0.0000004   0.0000004   0.0000004
  0.4468944   0.0000204   0.0000024   0.0000004   0.0000004   0.0000004   0.0000004
  0.4478964   0.0000194   0.0000024   0.0000004   0.0000004   0.0000004   0.0000004
  0.4488984   0.0000184   0.0000024   0.0000004   0.0000004   0.0000004   0.0000004
  0.4499004   0.0000174   0.0000014   0.0000004   0.0000004   0.0000004   0.0000004
  0.4509024   0.0000164   0.0000014   0.0000004   0.0000004   0.0000004   0.0000004
  0.4519044   0.0000154   0.0000014   0.0000004   0.0000004   0.0000004   0.0000004
  0.4529064   0.0000154   0.0000014   0.0000004   0.0000004   0.0000004   0.0000004
  0.4539084   0.0000144   0.0000014   0.0000004   0.0000004   0.0000004   0.0000004
  0.4549104   0.0000134   0.0000014   0.0000004   0.0000004   0.0000004   0.0000004
  0.4559124   0.0000134   0.0000014   0.0000004   0.0000004   0.0000004   0.0000004
  0.4569144   0.0000124   0.0000014   0.0000004   0.0000004   0.0000004   0.0000004
  0.4579164   0.0000114   0.0000014   0.0000004   0.0000004   0.0000004   0.0000004
  0.4589184   0.0000114   0.0000014   0.0000004   0.0000004   0.0000004   0.0000004
  0.4599204   0.0000104   0.0000014   0.0000004   0.0000004   0.0000004   0.0000004
  0.4609224   0.0000104   0.0000014   0.0000004   0.0000004   0.0000004   0.0000004
  0.4619244   0.0000094   0.0000014   0.0000004   0.0000004   0.0000004   0.0000004
  0.4629264   0.0000094   0.0000014   0.0000004   0.0000004   0.0000004   0.0000004
  0.4639284   0.0000084   0.0000014   0.0000004   0.0000004   0.0000004   0.0000004
  0.4649304   0.0000084   0.0000014   0.0000004   0.0000004   0.0000004   0.0000004
  0.4659324   0.0000084   0.0000014   0.0000004   0.0000004   0.0000004   0.0000004
  0.4669344   0.0000074   0.0000014   0.0000004   0.0000004   0.0000004   0.0000004
  0.4679364   0.0000074   0.0000004   0.0000004   0.0000004   0.0000004   0.0000004
  0.4689384   0.0000074   0.0000004   0.0000004   0.0000004   0.0000004   0.0000004
  0.4699404   0.0000064   0.0000004   0.0000004   0.0000004   0.0000004   0.0000004
  0.4709424   0.0000064   0.0000004   0.0000004   0.0000004   0.0000004   0.0000004
  0.4719444   0.0000064   0.0000004   0.0000004   0.0000004   0.0000004   0.0000004
  0.4729464   0.0000054   0.0000004   0.0000004   0.0000004   0.0000004   0.0000004
  0.4739484   0.0000054   0.0000004   0.0000004   0.0000004   0.0000004   0.0000004
  0.4749504   0.0000054   0.0000004   0.0000004   0.0000004   0.0000004   0.0000004
  0.4759524   0.0000054   0.0000004   0.0000004   0.0000004   0.0000004   0.0000004
  0.4769544   0.0000044   0.0000004   0.0000004   0.0000004   0.0000004   0.0000004
  0.4779564   0.0000044   0.0000004   0.0000004   0.0000004   0.0000004   0.0000004
  0.4789584   0.0000044   0.0000004   0.0000004   0.0000004   0.0000004   0.0000004
  0.4799604   0.0000044   0.0000004   0.0000004   0.0000004   0.0000004   0.0000004
  0.4809624   0.0000044   0.0000004   0.0000004   0.0000004   0.0000004   0.0000004
  0.4819644   0.0000034   0.0000004   0.0000004   0.0000004   0.0000004   0.0000004
  0.4829664   0.0000034   0.0000004   0.0000004   0.0000004   0.0000004   0.0000004
  0.4839684   0.0000034   0.0000004   0.0000004   0.0000004   0.0000004   0.0000004
  0.4849704   0.0000034   0.0000004   0.0000004   0.0000004   0.0000004   0.0000004
  0.4859724   0.0000034   0.0000004   0.0000004   0.0000004   0.0000004   0.0000004
  0.4869744   0.0000034   0.0000004   0.0000004   0.0000004   0.0000004   0.0000004
  0.4879764   0.0000024   0.0000004   0.0000004   0.0000004   0.0000004   0.0000004
  0.4889784   0.0000024   0.0000004   0.0000004   0.0000004   0.0000004   0.0000004
  0.4899804   0.0000024   0.0000004   0.0000004   0.0000004   0.0000004   0.0000004
  0.4909824   0.0000024   0.0000004   0.0000004   0.0000004   0.0000004   0.0000004
  0.4919844   0.0000024   0.0000004   0.0000004   0.0000004   0.0000004   0.0000004
  0.4929864   0.0000024   0.0000004   0.0000004   0.0000004   0.0000004   0.0000004
  0.4939884   0.0000024   0.0000004   0.0000004   0.0000004   0.0000004   0.0000004
  0.4949904   0.0000024   0.0000004   0.0000004   0.0000004   0.0000004   0.0000004
  0.4959924   0.0000024   0.0000004   0.0000004   0.0000004   0.0000004   0.0000004
  0.4969944   0.0000024   0.0000004   0.0000004   0.0000004   0.0000004   0.0000004
  0.4979964   0.0000014   0.0000004   0.0000004   0.0000004   0.0000004   0.0000004
  0.4989984   0.0000014   0.0000004   0.0000004   0.0000004   0.0000004   0.0000004
  0.5000004   0.0000014   0.0000004   0.0000004   0.0000004   0.0000004   0.0000004
