Radius_hole(nm)     E_for[ 2.   6.5 11.  15.5 20. ]_(meV)]
2.00000000 0.00000000 1.51831109 2.00216143 2.21560982 2.32819387
4.00000000 -0.92579945 0.59251165 1.07636199 1.28981037 1.40239443
6.00000000 -1.42870285 0.08960824 0.57345858 0.78690697 0.89949102
8.00000000 -1.73193774 -0.21362665 0.27022369 0.48367208 0.59625613
10.00000000 -1.92874885 -0.41043775 0.07341259 0.28686097 0.39944503
12.00000000 -2.06368189 -0.54537080 -0.06152046 0.15192792 0.26451198
14.00000000 -2.16019871 -0.64188762 -0.15803728 0.05541111 0.16799517
16.00000000 -2.23161023 -0.71329914 -0.22944880 -0.01600042 0.09658364
18.00000000 -2.28592456 -0.76761347 -0.28376313 -0.07031474 0.04226932
20.00000000 -2.32819387 -0.80988278 -0.32603244 -0.11258406 0.00000000
