0.000000000000000000e+00 nan
1.202404809619238464e-02 3.323383941103984540e+01
2.404809619238476928e-02 3.323125207013818283e+01
3.607214428857715566e-02 3.322737164256303544e+01
4.809619238476953856e-02 3.322219882847267058e+01
6.012024048096192147e-02 3.321573456091246612e+01
7.214428857715431131e-02 3.320798000556476381e+01
8.416833667334669422e-02 3.319893656048437691e+01
9.619238476953907713e-02 3.318860585488101123e+01
1.082164328657314600e-01 3.317698974915101218e+01
1.202404809619238429e-01 3.316409033383158089e+01
1.322645290581162258e-01 3.314990992879032916e+01
1.442885771543086226e-01 3.313445108230412472e+01
1.563126252505009917e-01 3.311771657020108961e+01
1.683366733466933884e-01 3.309970939453527450e+01
1.803607214428857575e-01 3.308043278250119101e+01
1.923847695390781543e-01 3.305989018522617329e+01
2.044088176352705510e-01 3.303808527637298909e+01
2.164328657314629201e-01 3.301502195064271206e+01
2.284569138276553169e-01 3.299070432231581407e+01
2.404809619238476859e-01 3.296513672359075997e+01
2.525050100200400549e-01 3.293832370293094414e+01
2.645290581162324517e-01 3.291027002324581474e+01
2.765531062124248485e-01 3.288098066017629151e+01
2.885771543086172453e-01 3.285046079985520606e+01
3.006012024048096420e-01 3.281871583729321173e+01
3.126252505010019833e-01 3.278575137395095140e+01
3.246492985971943801e-01 3.275157321584762826e+01
3.366733466933867769e-01 3.271618737104479635e+01
3.486973947895791737e-01 3.267960004763688175e+01
3.607214428857715149e-01 3.264181765119492695e+01
3.727454909819639117e-01 3.260284678230304678e+01
3.847695390781563085e-01 3.256269423419757914e+01
3.967935871743487053e-01 3.252136699003361286e+01
4.088176352705411021e-01 3.247887222033108401e+01
4.208416833667334433e-01 3.243521728026166073e+01
4.328657314629258401e-01 3.239040970686057364e+01
4.448897795591182369e-01 3.234445721620961933e+01
4.569138276553106337e-01 3.229736770060186046e+01
4.689378757515029750e-01 3.224914922552785157e+01
4.809619238476953718e-01 3.219981002679586624e+01
4.929859719438877685e-01 3.214935850733526479e+01
5.050100200400801098e-01 3.209780323433956539e+01
5.170340681362725066e-01 3.204515293588428904e+01
5.290581162324649034e-01 3.199141649792274578e+01
5.410821643286573002e-01 3.193660296098924078e+01
5.531062124248496970e-01 3.188072151695881828e+01
5.651302605210420937e-01 3.182378150568780839e+01
5.771543086172344905e-01 3.176579241177046242e+01
5.891783567134268873e-01 3.170676386108585021e+01
6.012024048096192841e-01 3.164670561739523791e+01
6.132264529058115698e-01 3.158562757892561734e+01
6.252505010020039666e-01 3.152353977486898629e+01
6.372745490981963634e-01 3.146045236191180905e+01
6.492985971943887602e-01 3.139637562069028576e+01
6.613226452905811570e-01 3.133131995224119848e+01
6.733466933867735538e-01 3.126529587444684921e+01
6.853707414829659506e-01 3.119831401843094909e+01
6.973947895791583473e-01 3.113038512493944410e+01
7.094188376753507441e-01 3.106152004078395024e+01
7.214428857715430299e-01 3.099172971510237673e+01
7.334669338677354267e-01 3.092102519580762277e+01
7.454909819639278235e-01 3.084941762587774861e+01
7.575150300601202202e-01 3.077691823970398488e+01
7.695390781563126170e-01 3.070353835943106802e+01
7.815631262525050138e-01 3.062928939129403716e+01
7.935871743486974106e-01 3.055418282188087531e+01
8.056112224448898074e-01 3.047823021457152493e+01
8.176352705410822042e-01 3.040144320573964620e+01
8.296593186372744899e-01 3.032383350119378917e+01
8.416833667334668867e-01 3.024541287243485499e+01
8.537074148296592835e-01 3.016619315305537796e+01
8.657314629258516803e-01 3.008618623507093659e+01
8.777555110220440771e-01 3.000540406527202819e+01
8.897795591182364738e-01 2.992385864165157727e+01
9.018036072144288706e-01 2.984156200973994544e+01
9.138276553106212674e-01 2.975852625906732385e+01
9.258517034068136642e-01 2.967476351953771641e+01
9.378757515030059499e-01 2.959028595794963223e+01
9.498997995991983467e-01 2.950510577437313842e+01
9.619238476953907435e-01 2.941923519872916870e+01
9.739478957915831403e-01 2.933268648723374739e+01
9.859719438877755371e-01 2.924547191899718612e+01
9.979959919839679339e-01 2.915760379254759016e+01
1.010020040080160220e+00 2.906909442245202513e+01
1.022044088176352616e+00 2.897995613593108644e+01
1.034068136272545013e+00 2.889020126951623624e+01
1.046092184368737410e+00 2.879984216575285316e+01
1.058116232464929807e+00 2.870889116991585155e+01
1.070140280561122204e+00 2.861736062675301895e+01
1.082164328657314600e+00 2.852526287729990173e+01
1.094188376753506997e+00 2.843261025570706479e+01
1.106212424849699394e+00 2.833941508610222471e+01
1.118236472945891791e+00 2.824568967949375775e+01
1.130260521042084187e+00 2.815144633075102476e+01
1.142284569138276584e+00 2.805669731555455115e+01
1.154308617234468981e+00 2.796145488745023044e+01
1.166332665330661378e+00 2.786573127492653512e+01
1.178356713426853775e+00 2.776953867853670133e+01
1.190380761523046171e+00 2.767288926803206195e+01
1.202404809619238568e+00 2.757579517962716409e+01
1.214428857715430743e+00 2.747826851320501618e+01
1.226452905811623140e+00 2.738032132965591003e+01
1.238476953907815536e+00 2.728196564818474457e+01
1.250501002004007933e+00 2.718321344377906001e+01
1.262525050100200330e+00 2.708407664459068087e+01
1.274549098196392727e+00 2.698456712946088487e+01
1.286573146292585124e+00 2.688469672547453015e+01
1.298597194388777520e+00 2.678447720554370548e+01
1.310621242484969917e+00 2.668392028605583377e+01
1.322645290581162314e+00 2.658303762458733033e+01
1.334669338677354711e+00 2.648184081763618281e+01
1.346693386773547108e+00 2.638034139843255588e+01
1.358717434869739504e+00 2.627855083479368048e+01
1.370741482965931901e+00 2.617648052702959305e+01
1.382765531062124298e+00 2.607414180589435659e+01
1.394789579158316695e+00 2.597154593060466254e+01
1.406813627254509091e+00 2.586870408691455836e+01
1.418837675350701488e+00 2.576562738519362483e+01
1.430861723446893663e+00 2.566232685864527951e+01
1.442885771543086060e+00 2.555881346149087463e+01
1.454909819639278457e+00 2.545509806726363067e+01
1.466933867735470853e+00 2.535119146713158145e+01
1.478957915831663250e+00 2.524710436826612536e+01
1.490981963927855647e+00 2.514284739230322074e+01
1.503006012024048044e+00 2.503843107379750776e+01
1.515030060120240440e+00 2.493386585877687622e+01
1.527054108216432837e+00 2.482916210332777496e+01
1.539078156312625234e+00 2.472433007223841983e+01
1.551102204408817631e+00 2.461937993767274335e+01
1.563126252505010028e+00 2.451432177796487721e+01
1.575150300601202424e+00 2.440916557635337725e+01
1.587174348697394821e+00 2.430392121985962817e+01
1.599198396793587218e+00 2.419859849818930542e+01
1.611222444889779615e+00 2.409320710265921051e+01
1.623246492985972012e+00 2.398775662520630192e+01
1.635270541082164408e+00 2.388225655742564868e+01
1.647294589178356805e+00 2.377671628967735629e+01
1.659318637274548980e+00 2.367114511020744416e+01
1.671342685370741377e+00 2.356555220435861386e+01
1.683366733466933773e+00 2.345994665379466326e+01
1.695390781563126170e+00 2.335433743579063659e+01
1.707414829659318567e+00 2.324873342256578468e+01
1.719438877755510964e+00 2.314314338064301779e+01
1.731462925851703361e+00 2.303757597030226023e+01
1.743486973947895757e+00 2.293203974501318498e+01
1.755511022044088154e+00 2.282654315097248343e+01
1.767535070140280551e+00 2.272109452663172746e+01
1.779559118236472948e+00 2.261570210232153499e+01
1.791583166332665344e+00 2.251037399987571774e+01
1.803607214428857741e+00 2.240511823230392707e+01
1.815631262525050138e+00 2.229994270353457253e+01
1.827655310621242535e+00 2.219485520815897317e+01
1.839679358717434932e+00 2.208986343123632423e+01
1.851703406813627328e+00 2.198497494815012487e+01
1.863727454909819725e+00 2.188019722446200532e+01
1.875751503006011900e+00 2.177553761583526892e+01
1.887775551102204297e+00 2.167100336801941651e+01
1.899799599198396693e+00 2.156660161678525611e+01
1.911823647294589090e+00 2.146233938799722551e+01
1.923847695390781487e+00 2.135822359765023748e+01
1.935871743486973884e+00 2.125426105196125093e+01
1.947895791583166281e+00 2.115045844752057391e+01
1.959919839679358677e+00 2.104682237143072143e+01
1.971943887775551074e+00 2.094335930149728142e+01
1.983967935871743471e+00 2.084007560647239643e+01
1.995991983967935868e+00 2.073697754628875600e+01
2.008016032064128265e+00 2.063407127235191396e+01
2.020040080160320439e+00 2.053136282786596212e+01
2.032064128256513058e+00 2.042885814814276557e+01
2.044088176352705233e+00 2.032656306101404198e+01
2.056112224448897852e+00 2.022448328718106580e+01
2.068136272545090026e+00 2.012262444068603884e+01
2.080160320641282645e+00 2.002099202931584188e+01
2.092184368737474820e+00 1.991959145510306328e+01
2.104208416833667439e+00 1.981842801481531069e+01
2.116232464929859614e+00 1.971750690047232979e+01
2.128256513026052232e+00 1.961683319989250407e+01
2.140280561122244407e+00 1.951641189725323144e+01
2.152304609218437026e+00 1.941624787369404714e+01
2.164328657314629201e+00 1.931634590789719041e+01
2.176352705410821819e+00 1.921671067672786037e+01
2.188376753507013994e+00 1.911734675590128063e+01
2.200400801603206169e+00 1.901825862060205807e+01
2.212424849699398788e+00 1.891945064620861316e+01
2.224448897795590963e+00 1.882092710897165588e+01
2.236472945891783581e+00 1.872269218674386693e+01
2.248496993987975756e+00 1.862474995970089608e+01
2.260521042084168375e+00 1.852710441108817818e+01
2.272545090180360550e+00 1.842975942800234890e+01
2.284569138276553169e+00 1.833271880215504979e+01
2.296593186372745343e+00 1.823598623065329960e+01
2.308617234468937962e+00 1.813956531682759632e+01
2.320641282565130137e+00 1.804345957102716014e+01
2.332665330661322756e+00 1.794767241145975234e+01
2.344689378757514930e+00 1.785220716502071525e+01
2.356713426853707549e+00 1.775706706814921887e+01
2.368737474949899724e+00 1.766225526768814902e+01
2.380761523046092343e+00 1.756777482173668758e+01
2.392785571142284518e+00 1.747362870056291229e+01
2.404809619238477136e+00 1.737981978744503309e+01
2.416833667334669311e+00 1.728635087960247674e+01
2.428857715430861486e+00 1.719322468907336088e+01
2.440881763527054105e+00 1.710044384362806014e+01
2.452905811623246279e+00 1.700801088770360892e+01
2.464929859719438898e+00 1.691592828327953768e+01
2.476953907815631073e+00 1.682419841084634982e+01
2.488977955911823692e+00 1.673282357031733625e+01
2.501002004008015867e+00 1.664180598195581240e+01
2.513026052104208485e+00 1.655114778732699321e+01
2.525050100200400660e+00 1.646085105023598061e+01
2.537074148296593279e+00 1.637091775766772273e+01
2.549098196392785454e+00 1.628134982073100190e+01
2.561122244488978072e+00 1.619214907563492289e+01
2.573146292585170247e+00 1.610331728459166456e+01
2.585170340681362866e+00 1.601485613682356757e+01
2.597194388777555041e+00 1.592676724948254652e+01
2.609218436873747660e+00 1.583905216860507537e+01
2.621242484969939834e+00 1.575171237008842517e+01
2.633266533066132453e+00 1.566474926062545769e+01
2.645290581162324628e+00 1.557816417867090308e+01
2.657314629258516803e+00 1.549195839538087860e+01
2.669338677354709422e+00 1.540613311558905885e+01
2.681362725450901596e+00 1.532068947873346509e+01
2.693386773547094215e+00 1.523562855982115494e+01
2.705410821643286390e+00 1.515095137036226269e+01
2.717434869739479009e+00 1.506665885933517579e+01
2.729458917835671183e+00 1.498275191410412788e+01
2.741482965931863802e+00 1.489923136138308735e+01
2.753507014028055977e+00 1.481609796815464186e+01
2.765531062124248596e+00 1.473335244260541543e+01
2.777555110220440771e+00 1.465099543506986990e+01
2.789579158316633389e+00 1.456902753892308411e+01
2.801603206412825564e+00 1.448744929155537697e+01
2.813627254509018183e+00 1.440626117522361760e+01
2.825651302605210358e+00 1.432546361801414037e+01
2.837675350701402976e+00 1.424505699473768061e+01
2.849699398797595151e+00 1.416504162780780796e+01
2.861723446893787326e+00 1.408541778817164314e+01
2.873747494989979945e+00 1.400618569618202258e+01
2.885771543086172120e+00 1.392734552248818325e+01
2.897795591182364738e+00 1.384889738891810218e+01
2.909819639278556913e+00 1.377084136934838554e+01
2.921843687374749532e+00 1.369317749056932776e+01
2.933867735470941707e+00 1.361590573316669328e+01
2.945891783567134325e+00 1.353902603235360047e+01
2.957915831663326500e+00 1.346253827882757825e+01
2.969939879759519119e+00 1.338644231962480724e+01
2.981963927855711294e+00 1.331073795893945189e+01
2.993987975951903913e+00 1.323542495894708360e+01
3.006012024048096087e+00 1.316050304067019461e+01
3.018036072144288706e+00 1.308597188472588790e+01
3.030060120240480881e+00 1.301183113219266296e+01
3.042084168336673500e+00 1.293808038536630178e+01
3.054108216432865675e+00 1.286471920859481699e+01
3.066132264529058293e+00 1.279174712902007016e+01
3.078156312625250468e+00 1.271916363738846911e+01
3.090180360721442643e+00 1.264696818880976359e+01
3.102204408817635262e+00 1.257516020349921959e+01
3.114228456913827436e+00 1.250373906758609266e+01
3.126252505010020055e+00 1.243270413378126094e+01
3.138276553106212230e+00 1.236205472220186685e+01
3.150300601202404849e+00 1.229179012102633806e+01
3.162324649298597024e+00 1.222190958727064114e+01
3.174348697394789642e+00 1.215241234747515087e+01
3.186372745490981817e+00 1.208329759841715401e+01
3.198396793587174436e+00 1.201456450781063090e+01
3.210420841683366611e+00 1.194621221500704067e+01
3.222444889779559229e+00 1.187823983165009523e+01
3.234468937875751404e+00 1.181064644238607997e+01
3.246492985971944023e+00 1.174343110548191937e+01
3.258517034068136198e+00 1.167659285356039156e+01
3.270541082164328817e+00 1.161013069413656318e+01
3.282565130260520991e+00 1.154404361037672722e+01
3.294589178356713610e+00 1.147833056165484500e+01
3.306613226452905785e+00 1.141299048419733708e+01
3.318637274549097960e+00 1.134802229171021182e+01
3.330661322645290578e+00 1.128342487597823052e+01
3.342685370741482753e+00 1.121919710747175181e+01
3.354709418837675372e+00 1.115533783591321182e+01
3.366733466933867547e+00 1.109184589091103490e+01
3.378757515030060166e+00 1.102872008248273517e+01
3.390781563126252340e+00 1.096595920166290483e+01
3.402805611222444959e+00 1.090356202102386440e+01
3.414829659318637134e+00 1.084152729528019954e+01
3.426853707414829753e+00 1.077985376177032073e+01
3.438877755511021928e+00 1.071854014104807540e+01
3.450901803607214546e+00 1.065758513736542668e+01
3.462925851703406721e+00 1.059698743922393938e+01
3.474949899799599340e+00 1.053674571987512287e+01
3.486973947895791515e+00 1.047685863781644144e+01
3.498997995991984133e+00 1.041732483730458370e+01
3.511022044088176308e+00 1.035814294882947273e+01
3.523046092184368483e+00 1.029931158960153503e+01
3.535070140280561102e+00 1.024082936402086474e+01
3.547094188376753277e+00 1.018269486414618186e+01
3.559118236472945895e+00 1.012490667016262513e+01
3.571142284569138070e+00 1.006746335080710253e+01
3.583166332665330689e+00 1.001036346382812958e+01
3.595190380761522864e+00 9.953605556439605095e+00
3.607214428857715482e+00 9.897188165693130202e+00
3.619238476953907657e+00 9.841109818972034518e+00
3.631262525050100276e+00 9.785369034342350503e+00
3.643286573146292451e+00 9.729964320998455207e+00
3.655310621242485070e+00 9.674894179648248382e+00
3.667334669338677244e+00 9.620157102896223833e+00
3.679358717434869863e+00 9.565751575665215611e+00
3.691382765531062038e+00 9.511676075521627638e+00
3.703406813627254657e+00 9.457929073093566785e+00
3.715430861723446831e+00 9.404509032413864489e+00
3.727454909819639450e+00 9.351414411286150141e+00
3.739478957915831625e+00 9.298643661623541945e+00
3.751503006012023800e+00 9.246195229817333328e+00
3.763527054108216419e+00 9.194067557052516548e+00
3.775551102204408593e+00 9.142259079654216691e+00
3.787575150300601212e+00 9.090768229407165890e+00
3.799599198396793387e+00 9.039593433882396667e+00
3.811623246492986006e+00 8.988733116740458939e+00
3.823647294589178181e+00 8.938185698042799388e+00
3.835671342685370799e+00 8.887949594560838662e+00
3.847695390781562974e+00 8.838023220057854346e+00
3.859719438877755593e+00 8.788404985580275053e+00
3.871743486973947768e+00 8.739093299769177037e+00
3.883767535070140386e+00 8.690086569081769241e+00
3.895791583166332561e+00 8.641383198107694952e+00
3.907815631262525180e+00 8.592981589841272694e+00
3.919839679358717355e+00 8.544880145889123924e+00
3.931863727454909974e+00 8.497077266787261607e+00
3.943887775551102148e+00 8.449571352204054975e+00
3.955911823647294767e+00 8.402360801221805175e+00
3.967935871743486942e+00 8.355444012532979414e+00
3.979959919839679117e+00 8.308819384715157241e+00
3.991983967935871735e+00 8.262485316442260697e+00
4.004008016032064354e+00 8.216440206681882685e+00
4.016032064128256529e+00 8.170682454973029252e+00
4.028056112224448704e+00 8.125210461586020116e+00
4.040080160320640879e+00 8.080022627742858177e+00
4.052104208416833941e+00 8.035117355842713138e+00
4.064128256513026116e+00 7.990493049632050315e+00
4.076152304609218291e+00 7.946148114425698239e+00
4.088176352705410466e+00 7.902080957267561878e+00
4.100200400801603529e+00 7.858289987138602051e+00
4.112224448897795703e+00 7.814773615123550954e+00
4.124248496993987878e+00 7.771530254595209186e+00
4.136272545090180053e+00 7.728558321385875729e+00
4.148296593186373116e+00 7.685856233933792581e+00
4.160320641282565290e+00 7.643422413487805933e+00
4.172344689378757465e+00 7.601255284222991015e+00
4.184368737474949640e+00 7.559353273419806563e+00
4.196392785571141815e+00 7.517714811609475412e+00
4.208416833667334878e+00 7.476338332717409330e+00
4.220440881763527052e+00 7.435222274212478055e+00
4.232464929859719227e+00 7.394365077242567530e+00
4.244488977955911402e+00 7.353765186755357952e+00
4.256513026052104465e+00 7.313421051659965144e+00
4.268537074148296639e+00 7.273331124930239255e+00
4.280561122244488814e+00 7.233493863731930595e+00
4.292585170340680989e+00 7.193907729565994558e+00
4.304609218436874052e+00 7.154571188337974341e+00
4.316633266533066227e+00 7.115482710526425336e+00
4.328657314629258401e+00 7.076640771256772489e+00
4.340681362725450576e+00 7.038043850411598079e+00
4.352705410821643639e+00 6.999690432762593062e+00
4.364729458917835814e+00 6.961579008031542948e+00
4.376753507014027988e+00 6.923708071010170606e+00
4.388777555110220163e+00 6.886076121656810933e+00
4.400801603206412338e+00 6.848681665167338117e+00
4.412825651302605401e+00 6.811523212099428903e+00
4.424849699398797576e+00 6.774599278411230330e+00
4.436873747494989750e+00 6.737908385586971249e+00
4.448897795591181925e+00 6.701449060683575709e+00
4.460921843687374988e+00 6.665219836427011657e+00
4.472945891783567163e+00 6.629219251287707948e+00
4.484969939879759337e+00 6.593445849525688018e+00
4.496993987975951512e+00 6.557898181309342434e+00
4.509018036072144575e+00 6.522574802715984887e+00
4.521042084168336750e+00 6.487474275858190254e+00
4.533066132264528925e+00 6.452595168895735256e+00
4.545090180360721099e+00 6.417936056137885537e+00
4.557114228456914162e+00 6.383495518062799690e+00
4.569138276553106337e+00 6.349272141386059332e+00
4.581162324649298512e+00 6.315264519122144371e+00
4.593186372745490686e+00 6.281471250618235302e+00
4.605210420841683749e+00 6.247890941612553206e+00
4.617234468937875924e+00 6.214522204266360816e+00
4.629258517034068099e+00 6.181363657234784981e+00
4.641282565130260274e+00 6.148413925662131518e+00
4.653306613226452448e+00 6.115671641274088799e+00
4.665330661322645511e+00 6.083135442368162060e+00
4.677354709418837686e+00 6.050803973883616571e+00
4.689378757515029861e+00 6.018675887413085235e+00
4.701402805611222036e+00 5.986749841232960279e+00
4.713426853707415098e+00 5.955024500363968798e+00
4.725450901803607273e+00 5.923498536552566307e+00
4.737474949899799448e+00 5.892170628323817105e+00
4.749498997995991623e+00 5.861039461016567920e+00
4.761523046092184686e+00 5.830103726777785766e+00
4.773547094188376860e+00 5.799362124594861889e+00
4.785571142284569035e+00 5.768813360334217322e+00
4.797595190380761210e+00 5.738456146715078532e+00
4.809619238476954273e+00 5.708289203380576105e+00
4.821643286573146447e+00 5.678311256872231816e+00
4.833667334669338622e+00 5.648521040647199953e+00
4.845691382765530797e+00 5.618917295109240762e+00
4.857715430861722972e+00 5.589498767611090102e+00
4.869739478957916035e+00 5.560264212455348520e+00
4.881763527054108209e+00 5.531212390906896204e+00
4.893787575150300384e+00 5.502342071200565066e+00
4.905811623246492559e+00 5.473652028552854709e+00
4.917835671342685622e+00 5.445141045153730985e+00
4.929859719438877796e+00 5.416807910174398444e+00
4.941883767535069971e+00 5.388651419776073759e+00
4.953907815631262146e+00 5.360670377095749117e+00
4.965931863727455209e+00 5.332863592260393304e+00
4.977955911823647384e+00 5.305229882375902761e+00
4.989979959919839558e+00 5.277768071526331539e+00
5.002004008016031733e+00 5.250476990773890407e+00
5.014028056112224796e+00 5.223355478144733333e+00
5.026052104208416971e+00 5.196402378642809516e+00
5.038076152304609145e+00 5.169616544206462549e+00
5.050100200400801320e+00 5.142996833753771924e+00
5.062124248496993495e+00 5.116542113118738300e+00
5.074148296593186558e+00 5.090251255076808867e+00
5.086172344689378733e+00 5.064123139328104095e+00
5.098196392785570907e+00 5.038156652477551845e+00
5.110220440881763082e+00 5.012350688031450119e+00
5.122244488977956145e+00 4.986704146378423630e+00
5.134268537074148320e+00 4.961215934779807490e+00
5.146292585170340494e+00 4.935884967355624653e+00
5.158316633266532669e+00 4.910710165069373190e+00
5.170340681362725732e+00 4.885690455701838353e+00
5.182364729458917907e+00 4.860824773853384961e+00
5.194388777555110082e+00 4.836112060918027922e+00
5.206412825651302256e+00 4.811551265058813698e+00
5.218436873747495319e+00 4.787141341192230115e+00
5.230460921843687494e+00 4.762881250987017090e+00
5.242484969939879669e+00 4.738769962810988723e+00
5.254509018036071843e+00 4.714806451746638594e+00
5.266533066132264906e+00 4.690989699536505242e+00
5.278557114228457081e+00 4.667318694598599826e+00
5.290581162324649256e+00 4.643792431966067724e+00
5.302605210420841431e+00 4.620409913297265803e+00
5.314629258517033605e+00 4.597170146833224891e+00
5.326653306613226668e+00 4.574072147378072550e+00
5.338677354709418843e+00 4.551114936283818579e+00
5.350701402805611018e+00 4.528297541419477490e+00
5.362725450901803192e+00 4.505618997138310711e+00
5.374749498997996255e+00 4.483078344278643712e+00
5.386773547094188430e+00 4.460674630106176153e+00
5.398797595190380605e+00 4.438406908307853449e+00
5.410821643286572780e+00 4.416274238969785770e+00
5.422845691382765843e+00 4.394275688524843737e+00
5.434869739478958017e+00 4.372410329771853732e+00
5.446893787575150192e+00 4.350677241786672589e+00
5.458917835671342367e+00 4.329075509958059342e+00
5.470941883767535430e+00 4.307604225905683926e+00
5.482965931863727604e+00 4.286262487504116869e+00
5.494989979959919779e+00 4.265049398797381208e+00
5.507014028056111954e+00 4.243964070023360513e+00
5.519038076152304129e+00 4.223005617548799329e+00
5.531062124248497192e+00 4.202173163863773375e+00
5.543086172344689366e+00 4.181465837528934415e+00
5.555110220440881541e+00 4.160882773172715154e+00
5.567134268537073716e+00 4.140423111441010384e+00
5.579158316633266779e+00 4.120085998971834584e+00
5.591182364729458953e+00 4.099870588376897551e+00
5.603206412825651128e+00 4.079776038193847043e+00
5.615230460921843303e+00 4.059801512871431761e+00
5.627254509018036366e+00 4.039946182726402490e+00
5.639278557114228541e+00 4.020209223919237296e+00
5.651302605210420715e+00 4.000589818427591204e+00
5.663326653306612890e+00 3.981087154004321338e+00
5.675350701402805953e+00 3.961700424155621292e+00
5.687374749498998128e+00 3.942428828106166350e+00
5.699398797595190302e+00 3.923271570765419547e+00
5.711422845691382477e+00 3.904227862707249308e+00
5.723446893787574652e+00 3.885296920119115871e+00
5.735470941883767715e+00 3.866477964789326816e+00
5.747494989979959890e+00 3.847770224069889000e+00
5.759519038076152064e+00 3.829172930833288024e+00
5.771543086172344239e+00 3.810685323462498886e+00
5.783567134268537302e+00 3.792306645799494280e+00
5.795591182364729477e+00 3.774036147110521267e+00
5.807615230460921651e+00 3.755873082096006232e+00
5.819639278557113826e+00 3.737816710796685982e+00
5.831663326653306889e+00 3.719866298601179011e+00
5.843687374749499064e+00 3.702021116218404906e+00
5.855711422845691239e+00 3.684280439609433522e+00
5.867735470941883413e+00 3.666643550001198903e+00
5.879759519038076476e+00 3.649109733819578594e+00
5.891783567134268651e+00 3.631678282666595869e+00
5.903807615230460826e+00 3.614348493306580590e+00
5.915831663326653000e+00 3.597119667598366544e+00
5.927855711422846063e+00 3.579991112506342610e+00
5.939879759519038238e+00 3.562962140037523096e+00
5.951903807615230413e+00 3.546032067211110750e+00
5.963927855711422588e+00 3.529200216046533001e+00
5.975951903807614762e+00 3.512465913512626603e+00
5.987975951903807825e+00 3.495828491505297286e+00
6.000000000000000000e+00 0.000000000000000000e+00
