0.000000000000000000e+00 nan
1.202404809619238464e-02 3.996208400601972688e-01
2.404809619238476928e-02 7.992261235596743729e-01
3.607214428857715566e-02 1.198800296747708716e+00
4.809619238476953856e-02 1.598327811487945560e+00
6.012024048096192147e-02 1.997793128062767209e+00
7.214428857715431131e-02 2.397180717973538489e+00
8.416833667334669422e-02 2.796475066737844184e+00
9.619238476953907713e-02 3.195660676683548029e+00
1.082164328657314600e-01 3.594722069728209402e+00
1.202404809619238429e-01 3.993643790158882823e+00
1.322645290581162258e-01 4.392410407399342631e+00
1.442885771543086226e-01 4.791006518767563449e+00
1.563126252505009917e-01 5.189416752222121509e+00
1.683366733466933884e-01 5.587625769098287343e+00
1.803607214428857575e-01 5.985618266828169887e+00
1.923847695390781543e-01 6.383378981647823913e+00
2.044088176352705510e-01 6.780892691289822416e+00
2.164328657314629201e-01 7.178144217659036208e+00
2.284569138276553169e-01 7.575118429490411920e+00
2.404809619238476859e-01 7.971800244989198703e+00
2.525050100200400549e-01 8.368174634451211347e+00
2.645290581162324517e-01 8.764226622863207083e+00
2.765531062124248485e-01 9.159941292481393660e+00
2.885771543086172453e-01 9.555303785389325455e+00
3.006012024048096420e-01 9.950299306028867363e+00
3.126252505010019833e-01 1.034491312371175020e+01
3.246492985971943801e-01 1.073913057510194236e+01
3.366733466933867769e-01 1.113293706667526095e+01
3.486973947895791737e-01 1.152631807714874590e+01
3.607214428857715149e-01 1.191925915988586127e+01
3.727454909819639117e-01 1.231174594527097099e+01
3.847695390781563085e-01 1.270376414305417434e+01
3.967935871743487053e-01 1.309529954466777291e+01
4.088176352705411021e-01 1.348633802550986083e+01
4.208416833667334433e-01 1.387686554719720711e+01
4.328657314629258401e-01 1.426686815978552403e+01
4.448897795591182369e-01 1.465633200395619262e+01
4.569138276553106337e-01 1.504524331316913432e+01
4.689378757515029750e-01 1.543358841578158014e+01
4.809619238476953718e-01 1.582135373713061277e+01
4.929859719438877685e-01 1.620852580158106448e+01
5.050100200400801098e-01 1.659509123453499413e+01
5.170340681362725066e-01 1.698103676440681298e+01
5.290581162324649034e-01 1.736634922455772667e+01
5.410821643286573002e-01 1.775101555519407270e+01
5.531062124248496970e-01 1.813502280522600785e+01
5.651302605210420937e-01 1.851835813408723652e+01
5.771543086172344905e-01 1.890100881351434481e+01
5.891783567134268873e-01 1.928296222928713632e+01
6.012024048096192841e-01 1.966420588292744753e+01
6.132264529058115698e-01 2.004472739335704645e+01
6.252505010020039666e-01 2.042451449851446910e+01
6.372745490981963634e-01 2.080355505692972784e+01
6.492985971943887602e-01 2.118183704925732513e+01
6.613226452905811570e-01 2.155934857976662755e+01
6.733466933867735538e-01 2.193607787778956819e+01
6.853707414829659506e-01 2.231201329912560283e+01
6.973947895791583473e-01 2.268714332740333006e+01
7.094188376753507441e-01 2.306145657539859428e+01
7.214428857715430299e-01 2.343494178630982105e+01
7.334669338677354267e-01 2.380758783498840714e+01
7.454909819639278235e-01 2.417938372912637490e+01
7.575150300601202202e-01 2.455031861039945440e+01
7.695390781563126170e-01 2.492038175556623614e+01
7.815631262525050138e-01 2.528956257752332348e+01
7.935871743486974106e-01 2.565785062631643854e+01
8.056112224448898074e-01 2.602523559010658971e+01
8.176352705410822042e-01 2.639170729609342203e+01
8.296593186372744899e-01 2.675725571139289372e+01
8.416833667334668867e-01 2.712187094387217812e+01
8.537074148296592835e-01 2.748554324293953144e+01
8.657314629258516803e-01 2.784826300029089907e+01
8.777555110220440771e-01 2.821002075061239367e+01
8.897795591182364738e-01 2.857080717223891142e+01
9.018036072144288706e-01 2.893061308776979246e+01
9.138276553106212674e-01 2.928942946464041341e+01
9.258517034068136642e-01 2.964724741565124333e+01
9.378757515030059499e-01 3.000405819945329711e+01
9.498997995991983467e-01 3.035985322099176997e+01
9.619238476953907435e-01 3.071462403190607660e+01
9.739478957915831403e-01 3.106836233088879240e+01
9.859719438877755371e-01 3.142105996400182377e+01
9.979959919839679339e-01 3.177270892495169008e+01
1.010020040080160220e+00 3.212330135532300091e+01
1.022044088176352616e+00 3.247282954477132222e+01
1.034068136272545013e+00 3.282128593117530357e+01
1.046092184368737410e+00 3.316866310074864543e+01
1.058116232464929807e+00 3.351495378811240755e+01
1.070140280561122204e+00 3.386015087632782894e+01
1.082164328657314600e+00 3.420424739688998983e+01
1.094188376753506997e+00 3.454723652968317538e+01
1.106212424849699394e+00 3.488911160289809033e+01
1.118236472945891791e+00 3.522986609291134386e+01
1.130260521042084187e+00 3.556949362412770199e+01
1.142284569138276584e+00 3.590798796878603127e+01
1.154308617234468981e+00 3.624534304672857132e+01
1.166332665330661378e+00 3.658155292513478685e+01
1.178356713426853775e+00 3.691661181822007620e+01
1.190380761523046171e+00 3.725051408689987653e+01
1.202404809619238568e+00 3.758325423841930046e+01
1.214428857715430743e+00 3.791482692594988180e+01
1.226452905811623140e+00 3.824522694815274804e+01
1.238476953907815536e+00 3.857444924870973324e+01
1.250501002004007933e+00 3.890248891582217539e+01
1.262525050100200330e+00 3.922934118167923856e+01
1.274549098196392727e+00 3.955500142189475810e+01
1.286573146292585124e+00 3.987946515491432820e+01
1.298597194388777520e+00 4.020272804139298017e+01
1.310621242484969917e+00 4.052478588354380662e+01
1.322645290581162314e+00 4.084563462445830595e+01
1.334669338677354711e+00 4.116527034739923607e+01
1.346693386773547108e+00 4.148368927506620452e+01
1.358717434869739504e+00 4.180088776883493296e+01
1.370741482965931901e+00 4.211686232797072904e+01
1.382765531062124298e+00 4.243160958881677658e+01
1.394789579158316695e+00 4.274512632395779121e+01
1.406813627254509091e+00 4.305740944135985160e+01
1.418837675350701488e+00 4.336845598348708108e+01
1.430861723446893663e+00 4.367826312639521547e+01
1.442885771543086060e+00 4.398682817880377627e+01
1.454909819639278457e+00 4.429414858114635223e+01
1.466933867735470853e+00 4.460022190460042424e+01
1.478957915831663250e+00 4.490504585009699667e+01
1.490981963927855647e+00 4.520861824731061773e+01
1.503006012024048044e+00 4.551093705363089725e+01
1.515030060120240440e+00 4.581200035311543672e+01
1.527054108216432837e+00 4.611180635542537942e+01
1.539078156312625234e+00 4.641035339474395016e+01
1.551102204408817631e+00 4.670763992867868097e+01
1.563126252505010028e+00 4.700366453714769222e+01
1.575150300601202424e+00 4.729842592125147860e+01
1.587174348697394821e+00 4.759192290212947540e+01
1.599198396793587218e+00 4.788415441980313858e+01
1.611222444889779615e+00 4.817511953200581587e+01
1.623246492985972012e+00 4.846481741299971446e+01
1.635270541082164408e+00 4.875324735238095286e+01
1.647294589178356805e+00 4.904040875387304510e+01
1.659318637274548980e+00 4.932630113410964157e+01
1.671342685370741377e+00 4.961092412140672536e+01
1.683366733466933773e+00 4.989427745452526608e+01
1.695390781563126170e+00 5.017636098142460099e+01
1.707414829659318567e+00 5.045717465800725421e+01
1.719438877755510964e+00 5.073671854685574090e+01
1.731462925851703361e+00 5.101499281596166924e+01
1.743486973947895757e+00 5.129199773744826985e+01
1.755511022044088154e+00 5.156773368628610399e+01
1.767535070140280551e+00 5.184220113900320825e+01
1.779559118236472948e+00 5.211540067238956198e+01
1.791583166332665344e+00 5.238733296219703561e+01
1.803607214428857741e+00 5.265799878183482008e+01
1.815631262525050138e+00 5.292739900106091966e+01
1.827655310621242535e+00 5.319553458467055407e+01
1.839679358717434932e+00 5.346240659118148386e+01
1.851703406813627328e+00 5.372801617151699105e+01
1.863727454909819725e+00 5.399236456768713310e+01
1.875751503006011900e+00 5.425545311146823479e+01
1.887775551102204297e+00 5.451728322308148478e+01
1.899799599198396693e+00 5.477785640987129767e+01
1.911823647294589090e+00 5.503717426498294429e+01
1.923847695390781487e+00 5.529523846604102744e+01
1.935871743486973884e+00 5.555205077382840528e+01
1.947895791583166281e+00 5.580761303096621617e+01
1.959919839679358677e+00 5.606192716059572234e+01
1.971943887775551074e+00 5.631499516506182346e+01
1.983967935871743471e+00 5.656681912459886519e+01
1.995991983967935868e+00 5.681740119601937522e+01
2.008016032064128265e+00 5.706674361140561302e+01
2.020040080160320439e+00 5.731484867680462969e+01
2.032064128256513058e+00 5.756171877092727129e+01
2.044088176352705233e+00 5.780735634385082733e+01
2.056112224448897852e+00 5.805176391572675243e+01
2.068136272545090026e+00 5.829494407549245238e+01
2.080160320641282645e+00 5.853689947958888240e+01
2.092184368737474820e+00 5.877763285068285626e+01
2.104208416833667439e+00 5.901714697639552298e+01
2.116232464929859614e+00 5.925544470803658470e+01
2.128256513026052232e+00 5.949252895934487384e+01
2.140280561122244407e+00 5.972840270523536077e+01
2.152304609218437026e+00 5.996306898055303947e+01
2.164328657314629201e+00 6.019653087883392573e+01
2.176352705410821819e+00 6.042879155107317501e+01
2.188376753507013994e+00 6.065985420450076049e+01
2.200400801603206169e+00 6.088972210136530094e+01
2.212424849699398788e+00 6.111839855772524999e+01
2.224448897795590963e+00 6.134588694224879646e+01
2.236472945891783581e+00 6.157219067502200716e+01
2.248496993987975756e+00 6.179731322636561686e+01
2.260521042084168375e+00 6.202125811566062197e+01
2.272545090180360550e+00 6.224402891018272044e+01
2.284569138276553169e+00 6.246562922394628004e+01
2.296593186372745343e+00 6.268606271655735895e+01
2.308617234468937962e+00 6.290533309207624058e+01
2.320641282565130137e+00 6.312344409788979505e+01
2.332665330661322756e+00 6.334039952359353265e+01
2.344689378757514930e+00 6.355620319988362610e+01
2.356713426853707549e+00 6.377085899745902964e+01
2.368737474949899724e+00 6.398437082593376601e+01
2.380761523046092343e+00 6.419674263275967974e+01
2.392785571142284518e+00 6.440797840215931558e+01
2.404809619238477136e+00 6.461808215406989575e+01
2.416833667334669311e+00 6.482705794309728731e+01
2.428857715430861486e+00 6.503490985748128139e+01
2.440881763527054105e+00 6.524164201807134589e+01
2.452905811623246279e+00 6.544725857731336305e+01
2.464929859719438898e+00 6.565176371824767898e+01
2.476953907815631073e+00 6.585516165351756968e+01
2.488977955911823692e+00 6.605745662438947363e+01
2.501002004008015867e+00 6.625865289978406736e+01
2.513026052104208485e+00 6.645875477531861009e+01
2.525050100200400660e+00 6.665776657236061453e+01
2.537074148296593279e+00 6.685569263709291477e+01
2.549098196392785454e+00 6.705253733958991802e+01
2.561122244488978072e+00 6.724830507290532466e+01
2.573146292585170247e+00 6.744300025217147265e+01
2.585170340681362866e+00 6.763662731370965275e+01
2.597194388777555041e+00 6.782919071415241774e+01
2.609218436873747660e+00 6.802069492957706132e+01
2.621242484969939834e+00 6.821114445465046572e+01
2.633266533066132453e+00 6.840054380178580118e+01
2.645290581162324628e+00 6.858889750031035248e+01
2.657314629258516803e+00 6.877621009564506949e+01
2.669338677354709422e+00 6.896248614849534420e+01
2.681362725450901596e+00 6.914773023405352603e+01
2.693386773547094215e+00 6.933194694121264945e+01
2.705410821643286390e+00 6.951514087179165813e+01
2.717434869739479009e+00 6.969731663977196945e+01
2.729458917835671183e+00 6.987847887054553553e+01
2.741482965931863802e+00 7.005863220017404558e+01
2.753507014028055977e+00 7.023778127465961063e+01
2.765531062124248596e+00 7.041593074922660378e+01
2.777555110220440771e+00 7.059308528761464174e+01
2.789579158316633389e+00 7.076924956138302036e+01
2.801603206412825564e+00 7.094442824922577984e+01
2.813627254509018183e+00 7.111862603629859336e+01
2.825651302605210358e+00 7.129184761355578814e+01
2.837675350701402976e+00 7.146409767709904770e+01
2.849699398797595151e+00 7.163538092753677233e+01
2.861723446893787326e+00 7.180570206935409772e+01
2.873747494989979945e+00 7.197506581029404060e+01
2.885771543086172120e+00 7.214347686074913213e+01
2.897795591182364738e+00 7.231093993316382296e+01
2.909819639278556913e+00 7.247745974144740444e+01
2.921843687374749532e+00 7.264304100039748846e+01
2.933867735470941707e+00 7.280768842513379013e+01
2.945891783567134325e+00 7.297140673054261129e+01
2.957915831663326500e+00 7.313420063073122890e+01
2.969939879759519119e+00 7.329607483849268590e+01
2.981963927855711294e+00 7.345703406478075692e+01
2.993987975951903913e+00 7.361708301819486167e+01
3.006012024048096087e+00 7.377622640447478375e+01
3.018036072144288706e+00 7.393446892600589138e+01
3.030060120240480881e+00 7.409181528133325401e+01
3.042084168336673500e+00 7.424827016468627505e+01
3.054108216432865675e+00 7.440383826551232005e+01
3.066132264529058293e+00 7.455852426802047717e+01
3.078156312625250468e+00 7.471233285073414265e+01
3.090180360721442643e+00 7.486526868605344021e+01
3.102204408817635262e+00 7.501733643982670685e+01
3.114228456913827436e+00 7.516854077093090325e+01
3.126252505010020055e+00 7.531888633086180107e+01
3.138276553106212230e+00 7.546837776333211423e+01
3.150300601202404849e+00 7.561701970387963456e+01
3.162324649298597024e+00 7.576481677948315507e+01
3.174348697394789642e+00 7.591177360818781494e+01
3.186372745490981817e+00 7.605789479873861580e+01
3.198396793587174436e+00 7.620318495022259242e+01
3.210420841683366611e+00 7.634764865171931092e+01
3.222444889779559229e+00 7.649129048195987934e+01
3.234468937875751404e+00 7.663411500899374573e+01
3.246492985971944023e+00 7.677612678986412220e+01
3.258517034068136198e+00 7.691733037029075604e+01
3.270541082164328817e+00 7.705773028436162519e+01
3.282565130260520991e+00 7.719733105423100028e+01
3.294589178356713610e+00 7.733613718982671514e+01
3.306613226452905785e+00 7.747415318856404554e+01
3.318637274549097960e+00 7.761138353506741794e+01
3.330661322645290578e+00 7.774783270089960752e+01
3.342685370741482753e+00 7.788350514429814098e+01
3.354709418837675372e+00 7.801840530991904643e+01
3.366733466933867547e+00 7.815253762858733921e+01
3.378757515030060166e+00 7.828590651705520997e+01
3.390781563126252340e+00 7.841851637776642292e+01
3.402805611222444959e+00 7.855037159862810370e+01
3.414829659318637134e+00 7.868147655278870900e+01
3.426853707414829753e+00 7.881183559842334319e+01
3.438877755511021928e+00 7.894145307852478766e+01
3.450901803607214546e+00 7.907033332070172094e+01
3.462925851703406721e+00 7.919848063698266571e+01
3.474949899799599340e+00 7.932589932362664342e+01
3.486973947895791515e+00 7.945259366093976894e+01
3.498997995991984133e+00 7.957856791309788491e+01
3.511022044088176308e+00 7.970382632797529254e+01
3.523046092184368483e+00 7.982837313697925197e+01
3.535070140280561102e+00 7.995221255489029488e+01
3.547094188376753277e+00 8.007534877970817888e+01
3.559118236472945895e+00 8.019778599250352613e+01
3.571142284569138070e+00 8.031952835727501849e+01
3.583166332665330689e+00 8.044058002081177960e+01
3.595190380761522864e+00 8.056094511256121393e+01
3.607214428857715482e+00 8.068062774450237384e+01
3.619238476953907657e+00 8.079963201102373205e+01
3.631262525050100276e+00 8.091796198880696522e+01
3.643286573146292451e+00 8.103562173671488722e+01
3.655310621242485070e+00 8.115261529568481080e+01
3.667334669338677244e+00 8.126894668862647109e+01
3.679358717434869863e+00 8.138461992032462433e+01
3.691382765531062038e+00 8.149963897734664897e+01
3.703406813627254657e+00 8.161400782795412567e+01
3.715430861723446831e+00 8.172773042201937699e+01
3.727454909819639450e+00 8.184081069094619920e+01
3.739478957915831625e+00 8.195325254759492850e+01
3.751503006012023800e+00 8.206505988621164249e+01
3.763527054108216419e+00 8.217623658236175288e+01
3.775551102204408593e+00 8.228678649286739244e+01
3.787575150300601212e+00 8.239671345574900840e+01
3.799599198396793387e+00 8.250602129017073594e+01
3.811623246492986006e+00 8.261471379638976487e+01
3.823647294589178181e+00 8.272279475570928753e+01
3.835671342685370799e+00 8.283026793043525515e+01
3.847695390781562974e+00 8.293713706383678641e+01
3.859719438877755593e+00 8.304340588011002922e+01
3.871743486973947768e+00 8.314907808434546155e+01
3.883767535070140386e+00 8.325415736249900078e+01
3.895791583166332561e+00 8.335864738136571361e+01
3.907815631262525180e+00 8.346255178855739132e+01
3.919839679358717355e+00 8.356587421248333669e+01
3.931863727454909974e+00 8.366861826233370891e+01
3.943887775551102148e+00 8.377078752806662010e+01
3.955911823647294767e+00 8.387238558039773295e+01
3.967935871743486942e+00 8.397341597079318376e+01
3.979959919839679117e+00 8.407388223146492123e+01
3.991983967935871735e+00 8.417378787536931384e+01
4.004008016032064354e+00 8.427313639620830088e+01
4.016032064128256529e+00 8.437193126843293101e+01
4.028056112224448704e+00 8.447017594725024026e+01
4.040080160320640879e+00 8.456787386863203437e+01
4.052104208416833941e+00 8.466502844932634275e+01
4.064128256513026116e+00 8.476164308687154403e+01
4.076152304609218291e+00 8.485772115961260909e+01
4.088176352705410466e+00 8.495326602671993044e+01
4.100200400801603529e+00 8.504828102821012692e+01
4.112224448897795703e+00 8.514276948496930686e+01
4.124248496993987878e+00 8.523673469877840603e+01
4.136272545090180053e+00 8.533017995234067143e+01
4.148296593186373116e+00 8.542310850931124833e+01
4.160320641282565290e+00 8.551552361432848670e+01
4.172344689378757465e+00 8.560742849304777735e+01
4.184368737474949640e+00 8.569882635217670952e+01
4.196392785571141815e+00 8.578972037951241703e+01
4.208416833667334878e+00 8.588011374398067233e+01
4.220440881763527052e+00 8.597000959567667167e+01
4.232464929859719227e+00 8.605941106590768186e+01
4.244488977955911402e+00 8.614832126723725025e+01
4.256513026052104465e+00 8.623674329353090684e+01
4.268537074148296639e+00 8.632468022000377061e+01
4.280561122244488814e+00 8.641213510326946334e+01
4.292585170340680989e+00 8.649911098139048704e+01
4.304609218436874052e+00 8.658561087393036360e+01
4.316633266533066227e+00 8.667163778200657021e+01
4.328657314629258401e+00 8.675719468834556380e+01
4.340681362725450576e+00 8.684228455733862972e+01
4.352705410821643639e+00 8.692691033509909460e+01
4.364729458917835814e+00 8.701107494952108823e+01
4.376753507014027988e+00 8.709478131033910131e+01
4.388777555110220163e+00 8.717803230918892154e+01
4.400801603206412338e+00 8.726083081966976351e+01
4.412825651302605401e+00 8.734317969740725118e+01
4.424849699398797576e+00 8.742508178011786413e+01
4.436873747494989750e+00 8.750653988767390956e+01
4.448897795591181925e+00 8.758755682216994387e+01
4.460921843687374988e+00 8.766813536798979101e+01
4.472945891783567163e+00 8.774827829187468353e+01
4.484969939879759337e+00 8.782798834299237001e+01
4.496993987975951512e+00 8.790726825300670555e+01
4.509018036072144575e+00 8.798612073614870610e+01
4.521042084168336750e+00 8.806454848928757428e+01
4.533066132264528925e+00 8.814255419200330266e+01
4.545090180360721099e+00 8.822014050665936225e+01
4.557114228456914162e+00 8.829731007847665580e+01
4.569138276553106337e+00 8.837406553560767009e+01
4.581162324649298512e+00 8.845040948921150914e+01
4.593186372745490686e+00 8.852634453352960975e+01
4.605210420841683749e+00 8.860187324596189740e+01
4.617234468937875924e+00 8.867699818714361015e+01
4.629258517034068099e+00 8.875172190102256309e+01
4.641282565130260274e+00 8.882604691493720850e+01
4.653306613226452448e+00 8.889997573969466771e+01
4.665330661322645511e+00 8.897351086964987132e+01
4.677354709418837686e+00 8.904665478278455737e+01
4.689378757515029861e+00 8.911940994078716471e+01
4.701402805611222036e+00 8.919177878913281177e+01
4.713426853707415098e+00 8.926376375716367306e+01
4.725450901803607273e+00 8.933536725817005220e+01
4.737474949899799448e+00 8.940659168947128421e+01
4.749498997995991623e+00 8.947743943249722065e+01
4.761523046092184686e+00 8.954791285287016933e+01
4.773547094188376860e+00 8.961801430048673467e+01
4.785571142284569035e+00 8.968774610960009852e+01
4.797595190380761210e+00 8.975711059890271315e+01
4.809619238476954273e+00 8.982611007160870997e+01
4.821643286573146447e+00 8.989474681553713253e+01
4.833667334669338622e+00 8.996302310319491369e+01
4.845691382765530797e+00 9.003094119186000910e+01
4.857715430861722972e+00 9.009850332366492864e+01
4.869739478957916035e+00 9.016571172568029624e+01
4.881763527054108209e+00 9.023256860999839546e+01
4.893787575150300384e+00 9.029907617381691409e+01
4.905811623246492559e+00 9.036523659952273135e+01
4.917835671342685622e+00 9.043105205477587560e+01
4.929859719438877796e+00 9.049652469259335419e+01
4.941883767535069971e+00 9.056165665143312538e+01
4.953907815631262146e+00 9.062645005527812714e+01
4.965931863727455209e+00 9.069090701372016383e+01
4.977955911823647384e+00 9.075502962204393498e+01
4.989979959919839558e+00 9.081881996131097878e+01
5.002004008016031733e+00 9.088228009844355881e+01
5.014028056112224796e+00 9.094541208630857909e+01
5.026052104208416971e+00 9.100821796380130024e+01
5.038076152304609145e+00 9.107069975592926880e+01
5.050100200400801320e+00 9.113285947389567809e+01
5.062124248496993495e+00 9.119469911518329752e+01
5.074148296593186558e+00 9.125622066363763452e+01
5.086172344689378733e+00 9.131742608955038065e+01
5.098196392785570907e+00 9.137831734974270148e+01
5.110220440881763082e+00 9.143889638764824213e+01
5.122244488977956145e+00 9.149916513339611868e+01
5.134268537074148320e+00 9.155912550389365379e+01
5.146292585170340494e+00 9.161877940290904121e+01
5.158316633266532669e+00 9.167812872115379719e+01
5.170340681362725732e+00 9.173717533636505550e+01
5.182364729458917907e+00 9.179592111338752147e+01
5.194388777555110082e+00 9.185436790425549702e+01
5.206412825651302256e+00 9.191251754827455045e+01
5.218436873747495319e+00 9.197037187210291620e+01
5.230460921843687494e+00 9.202793268983268149e+01
5.242484969939879669e+00 9.208520180307100134e+01
5.254509018036071843e+00 9.214218100102063147e+01
5.266533066132264906e+00 9.219887206056067441e+01
5.278557114228457081e+00 9.225527674632664343e+01
5.290581162324649256e+00 9.231139681079075388e+01
5.302605210420841431e+00 9.236723399434144710e+01
5.314629258517033605e+00 9.242279002536305654e+01
5.326653306613226668e+00 9.247806662031496217e+01
5.338677354709418843e+00 9.253306548381048913e+01
5.350701402805611018e+00 9.258778830869566434e+01
5.362725450901803192e+00 9.264223677612756092e+01
5.374749498997996255e+00 9.269641255565227311e+01
5.386773547094188430e+00 9.275031730528287710e+01
5.398797595190380605e+00 9.280395267157673800e+01
5.410821643286572780e+00 9.285732028971270324e+01
5.422845691382765843e+00 9.291042178356805437e+01
5.434869739478958017e+00 9.296325876579480507e+01
5.446893787575150192e+00 9.301583283789626933e+01
5.458917835671342367e+00 9.306814559030252099e+01
5.470941883767535430e+00 9.312019860244630820e+01
5.482965931863727604e+00 9.317199344283795881e+01
5.494989979959919779e+00 9.322353166914061262e+01
5.507014028056111954e+00 9.327481482824438785e+01
5.519038076152304129e+00 9.332584445634086023e+01
5.531062124248497192e+00 9.337662207899676048e+01
5.543086172344689366e+00 9.342714921122758653e+01
5.555110220440881541e+00 9.347742735757061894e+01
5.567134268537073716e+00 9.352745801215786514e+01
5.579158316633266779e+00 9.357724265878842118e+01
5.591182364729458953e+00 9.362678277100050650e+01
5.603206412825651128e+00 9.367607981214331403e+01
5.615230460921843303e+00 9.372513523544824920e+01
5.627254509018036366e+00 9.377395048410001266e+01
5.639278557114228541e+00 9.382252699130714291e+01
5.651302605210420715e+00 9.387086618037230323e+01
5.663326653306612890e+00 9.391896946476221331e+01
5.675350701402805953e+00 9.396683824817709763e+01
5.687374749498998128e+00 9.401447392461984975e+01
5.699398797595190302e+00 9.406187787846481285e+01
5.711422845691382477e+00 9.410905148452611968e+01
5.723446893787574652e+00 9.415599610812580522e+01
5.735470941883767715e+00 9.420271310516130825e+01
5.747494989979959890e+00 9.424920382217280235e+01
5.759519038076152064e+00 9.429546959641011483e+01
5.771543086172344239e+00 9.434151175589909144e+01
5.783567134268537302e+00 9.438733161950786155e+01
5.795591182364729477e+00 9.443293049701246389e+01
5.807615230460921651e+00 9.447830968916208860e+01
5.819639278557113826e+00 9.452347048774440452e+01
5.831663326653306889e+00 9.456841417564977803e+01
5.843687374749499064e+00 9.461314202693556297e+01
5.855711422845691239e+00 9.465765530689009211e+01
5.867735470941883413e+00 9.470195527209581599e+01
5.879759519038076476e+00 9.474604317049262647e+01
5.891783567134268651e+00 9.478992024144035611e+01
5.903807615230460826e+00 9.483358771578103585e+01
5.915831663326653000e+00 9.487704681590095390e+01
5.927855711422846063e+00 9.492029875579191867e+01
5.939879759519038238e+00 9.496334474111263546e+01
5.951903807615230413e+00 9.500618596924935844e+01
5.963927855711422588e+00 9.504882362937614459e+01
5.975951903807614762e+00 9.509125890251497992e+01
5.987975951903807825e+00 9.513349296159529445e+01
6.000000000000000000e+00 9.517552697151319308e+01
