T_set(K) T_real(K) X1(V) Y1(V) R1(V) Theta1(deg) X2(V) Y2(V) R2(V) Theta2(deg)
1.0 1.97 0.00203849 7.86787e-06 0.00203849 0.222 0.0424979 -7.62945e-06 0.0424979 -0.006 
2.86 2.89 0.00203635 7.86787e-06 0.00203635 0.222 0.0424635 -5.72208e-06 0.0424635 -0.006 
3.75 4.01 0.00203444 7.62945e-06 0.00203444 0.222 0.042433 -5.72208e-06 0.042433 -0.006 
4.65 5.02 0.00203301 7.62945e-06 0.00203301 0.222 0.0424082 -5.72208e-06 0.0424082 -0.006 
5.55 6.03 0.00203206 7.62945e-06 0.00203206 0.222 0.0423892 -5.72208e-06 0.0423892 -0.006 
6.22 6.61 0.00203182 7.62945e-06 0.00203182 0.222 0.0423834 -5.72208e-06 0.0423834 -0.006 
7.34 7.98 0.0020311 7.62945e-06 0.0020311 0.222 0.0423663 -5.72208e-06 0.0423663 -0.006 
8.23 8.85 0.00203086 7.62945e-06 0.00203086 0.222 0.0423605 -5.72208e-06 0.0423605 -0.006 
8.31 8.89 0.00203086 7.62945e-06 0.00203086 0.222 0.0423605 -5.72208e-06 0.0423605 -0.006 
8.79 9.11 0.00203086 7.62945e-06 0.00203086 0.222 0.0423605 -5.72208e-06 0.0423605 -0.006 
10.93 11.39 0.00203086 7.62945e-06 0.00203086 0.222 0.0423605 -5.72208e-06 0.0423605 -0.006 
11.82 12.24 0.00203086 7.86787e-06 0.00203086 0.228 0.0423663 -5.72208e-06 0.0423663 -0.006 
12.73 13.11 0.00203134 7.86787e-06 0.00203134 0.228 0.0423739 -5.72208e-06 0.0423739 -0.006 
13.62 14.01 0.00203158 7.86787e-06 0.00203158 0.228 0.0423853 -5.72208e-06 0.0423853 -0.006 
14.52 14.7 0.00203182 7.86787e-06 0.00203182 0.228 0.0423968 -5.72208e-06 0.0423968 -0.006 
15.42 15.47 0.00203253 7.86787e-06 0.00203253 0.228 0.0424101 -5.72208e-06 0.0424101 -0.006 
16.31 16.12 0.00203301 7.86787e-06 0.00203301 0.228 0.0424254 -5.72208e-06 0.0424254 -0.006 
17.23 17.1 0.00203349 7.86787e-06 0.00203349 0.228 0.0424445 -5.72208e-06 0.0424445 -0.006 
18.11 17.93 0.00203325 7.86787e-06 0.00203325 0.228 0.0424635 -5.72208e-06 0.0424635 -0.006 
19.01 18.6 0.00203396 7.86787e-06 0.00203396 0.228 0.0424845 -5.72208e-06 0.0424845 -0.006 
19.9 19.21 0.00203468 7.86787e-06 0.00203468 0.228 0.0425074 -5.72208e-06 0.0425074 -0.006 
20.82 20.03 0.00203516 7.86787e-06 0.00203516 0.228 0.0425303 -5.72208e-06 0.0425303 -0.006 
21.7 20.88 0.00203587 7.86787e-06 0.00203587 0.222 0.0425551 -5.72208e-06 0.0425551 -0.006 
22.62 21.68 0.00203682 8.10629e-06 0.00203682 0.228 0.0425818 -5.72208e-06 0.0425818 -0.006 
23.49 22.39 0.00203754 8.10629e-06 0.00203754 0.228 0.0426085 -5.72208e-06 0.0426085 -0.006 
24.4 23.08 0.00203849 8.10629e-06 0.00203849 0.228 0.0426352 -7.62945e-06 0.0426352 -0.006 
25.28 23.89 0.00203921 8.10629e-06 0.00203921 0.228 0.0426638 -7.62945e-06 0.0426638 -0.006 
26.19 24.64 0.00203992 8.10629e-06 0.00203992 0.228 0.0426905 -7.62945e-06 0.0426905 -0.006 
27.07 25.33 0.00204088 8.10629e-06 0.00204088 0.228 0.0427191 -7.62945e-06 0.0427191 -0.006 
27.98 26.24 0.00204159 8.10629e-06 0.00204159 0.228 0.0427535 -7.62945e-06 0.0427535 -0.006 
28.26 26.61 0.00204183 8.10629e-06 0.00204183 0.228 0.0427649 -7.62945e-06 0.0427649 -0.006 
28.48 26.79 0.00204231 8.10629e-06 0.00204231 0.228 0.0427706 -7.62945e-06 0.0427706 -0.006 
30.66 28.02 0.0020435 8.10629e-06 0.0020435 0.228 0.042824 -7.62945e-06 0.042824 -0.006 
31.57 28.55 0.00204445 8.10629e-06 0.00204445 0.234 0.0428545 -7.62945e-06 0.0428545 -0.006 
32.43 29.36 0.00204517 8.10629e-06 0.00204517 0.228 0.0428851 -7.62945e-06 0.0428851 -0.006 
33.38 30.34 0.00204636 8.10629e-06 0.00204636 0.228 0.0429213 -7.62945e-06 0.0429213 -0.006 
34.27 31.21 0.00204732 8.10629e-06 0.00204732 0.228 0.0429575 -7.62945e-06 0.0429575 -0.006 
35.15 31.5 0.00204803 8.10629e-06 0.00204803 0.228 0.0429862 -7.62945e-06 0.0429862 -0.006 
36.04 31.94 0.00204875 8.10629e-06 0.00204875 0.228 0.0430167 -7.62945e-06 0.0430167 -0.006 
36.93 32.7 0.0020497 8.10629e-06 0.0020497 0.228 0.043051 -7.62945e-06 0.043051 -0.006 
37.85 33.47 0.00205041 7.86787e-06 0.00205041 0.222 0.0430853 -7.62945e-06 0.0430853 -0.006 
38.75 33.79 0.00205137 7.62945e-06 0.00205137 0.216 0.0431235 -7.62945e-06 0.0431235 -0.006 
1.0 34.41 0.00205185 7.62945e-06 0.00205185 0.216 0.0431502 -7.62945e-06 0.0431502 -0.006 
39.29 36.26 0.00205447 7.15259e-06 0.00205447 0.204 0.043257 -7.62945e-06 0.043257 -0.006 
41.26 39.47 0.00205971 7.15259e-06 0.00205971 0.204 0.0434763 -9.5368e-06 0.0434763 -0.012 
41.27 39.47 0.00205971 7.15259e-06 0.00205971 0.204 0.0434783 -9.5368e-06 0.0434783 -0.012 
43.19 40.4 0.00206114 7.39101e-06 0.00206114 0.21 0.0435431 -9.5368e-06 0.0435431 -0.012 
44.09 40.78 0.0020621 7.39101e-06 0.0020621 0.21 0.0435793 -9.5368e-06 0.0435793 -0.012 
44.99 41.95 0.00206281 7.39101e-06 0.00206281 0.21 0.0436118 -9.5368e-06 0.0436118 -0.012 
45.88 42.56 0.00206353 7.39101e-06 0.00206353 0.21 0.0436461 -9.5368e-06 0.0436461 -0.012 
46.79 42.96 0.00206448 7.39101e-06 0.00206448 0.21 0.0436785 -9.5368e-06 0.0436785 -0.012 
47.01 43.16 0.00206472 7.39101e-06 0.00206472 0.21 0.04369 -9.5368e-06 0.04369 -0.012 
48.58 43.98 0.00206567 7.39101e-06 0.00206567 0.21 0.0437338 -9.5368e-06 0.0437338 -0.012 
49.46 44.82 0.00206663 7.39101e-06 0.00206663 0.21 0.0437701 -9.5368e-06 0.0437701 -0.012 
50.36 45.03 0.00206758 7.39101e-06 0.00206758 0.21 0.0438063 -9.5368e-06 0.0438063 -0.012 
51.28 45.88 0.00206877 7.62945e-06 0.00206877 0.21 0.0438426 -9.5368e-06 0.0438426 -0.012 
52.17 46.31 0.00206973 7.62945e-06 0.00206973 0.21 0.0438788 -9.5368e-06 0.0438788 -0.012 
53.08 47.19 0.00207068 7.62945e-06 0.00207068 0.21 0.043915 -9.5368e-06 0.043915 -0.012 
53.26 47.64 0.00207092 7.62945e-06 0.00207092 0.21 0.0439284 -9.5368e-06 0.0439284 -0.012 
54.85 48.11 0.00207211 7.62945e-06 0.00207211 0.21 0.043978 -9.5368e-06 0.043978 -0.012 
55.76 49.25 0.00207283 7.62945e-06 0.00207283 0.21 0.044018 -9.5368e-06 0.044018 -0.012 
56.65 49.95 0.00207354 7.62945e-06 0.00207354 0.21 0.0440581 -9.5368e-06 0.0440581 -0.012 
57.53 50.42 0.00207449 7.62945e-06 0.00207449 0.21 0.0440962 -9.5368e-06 0.0440962 -0.012 
58.45 50.66 0.00207545 7.62945e-06 0.00207545 0.21 0.0441363 -9.5368e-06 0.0441363 -0.012 
59.04 51.14 0.00207616 7.62945e-06 0.00207616 0.21 0.044163 -9.5368e-06 0.044163 -0.012 
60.24 52.6 0.00207736 7.62945e-06 0.00207736 0.216 0.0442088 -9.5368e-06 0.0442088 -0.012 
61.13 53.1 0.00207831 7.62945e-06 0.00207831 0.216 0.0442507 -9.5368e-06 0.0442507 -0.012 
61.69 53.35 0.00207902 7.62945e-06 0.00207902 0.216 0.0442774 -9.5368e-06 0.0442774 -0.012 
62.01 53.63 0.00207926 7.62945e-06 0.00207926 0.216 0.0442908 -9.5368e-06 0.0442908 -0.012 
63.83 54.39 0.00208069 7.62945e-06 0.00208069 0.216 0.0443518 -1.14442e-05 0.0443518 -0.012 
64.73 55.16 0.00208165 7.62945e-06 0.00208165 0.216 0.0443957 -1.14442e-05 0.0443957 -0.012 
65.64 55.84 0.00208236 7.62945e-06 0.00208236 0.216 0.0444338 -1.14442e-05 0.0444338 -0.012 
66.52 57.01 0.00208332 7.86787e-06 0.00208332 0.222 0.0444739 -1.14442e-05 0.0444739 -0.012 
67.41 57.15 0.00208403 7.86787e-06 0.00208403 0.222 0.044512 -1.14442e-05 0.044512 -0.012 
68.33 58.37 0.00208499 7.86787e-06 0.00208499 0.222 0.0445521 -1.14442e-05 0.0445521 -0.012 
69.06 58.92 0.0020857 7.86787e-06 0.0020857 0.222 0.0445883 -1.14442e-05 0.0445883 -0.012 
69.4 59.2 0.00208618 7.86787e-06 0.00208618 0.222 0.0446017 -1.14442e-05 0.0446017 -0.012 
70.98 60.07 0.00208785 7.86787e-06 0.00208785 0.222 0.0446837 -1.14442e-05 0.0446837 -0.012 
71.87 60.93 0.00208904 7.86787e-06 0.00208904 0.222 0.0447371 -1.14442e-05 0.0447371 -0.012 
72.79 61.79 0.00209047 8.10629e-06 0.00209047 0.222 0.0447943 -1.14442e-05 0.0447943 -0.012 
73.67 62.97 0.00209166 8.10629e-06 0.00209166 0.222 0.0448458 -1.14442e-05 0.0448458 -0.012 
74.58 63.57 0.00209285 8.10629e-06 0.00209285 0.222 0.0448935 -1.14442e-05 0.0448935 -0.012 
75.47 64.47 0.00209405 8.10629e-06 0.00209405 0.222 0.0449412 -1.14442e-05 0.0449412 -0.012 
76.38 64.78 0.00209524 8.10629e-06 0.00209524 0.222 0.0449851 -1.14442e-05 0.0449851 -0.012 
77.27 65.7 0.00209619 8.10629e-06 0.00209619 0.222 0.0450308 -1.14442e-05 0.0450308 -0.012 
78.16 66.32 0.00209691 8.10629e-06 0.00209691 0.222 0.0450728 -1.14442e-05 0.0450728 -0.012 
79.04 67.3 0.00209762 8.10629e-06 0.00209762 0.222 0.0451148 -1.14442e-05 0.0451148 -0.012 
79.97 67.94 0.00209858 8.10629e-06 0.00209858 0.222 0.0451586 -1.14442e-05 0.0451586 -0.012 
80.87 68.9 0.00209953 8.10629e-06 0.00209953 0.222 0.0452044 -1.14442e-05 0.0452044 -0.012 
81.74 69.56 0.00210048 8.10629e-06 0.00210048 0.228 0.0452483 -1.14442e-05 0.0452483 -0.012 
82.65 69.89 0.00210144 8.10629e-06 0.00210144 0.228 0.045294 -1.14442e-05 0.045294 -0.012 
83.55 71.22 0.00210263 8.10629e-06 0.00210263 0.228 0.0453417 -1.33515e-05 0.0453417 -0.012 
84.43 71.22 0.00210358 8.10629e-06 0.00210358 0.228 0.0453875 -1.33515e-05 0.0453875 -0.012 
85.35 72.23 0.00210477 8.10629e-06 0.00210477 0.228 0.045439 -1.33515e-05 0.045439 -0.012 
86.23 72.92 0.00210573 8.10629e-06 0.00210573 0.228 0.0454867 -1.33515e-05 0.0454867 -0.012 
87.13 74.31 0.00210668 8.10629e-06 0.00210668 0.228 0.0455382 -1.33515e-05 0.0455382 -0.012 
88.02 75.04 0.00210764 8.10629e-06 0.00210764 0.228 0.0455878 -1.33515e-05 0.0455878 -0.012 
88.91 75.97 0.00210859 8.34471e-06 0.00210859 0.228 0.0456393 -1.33515e-05 0.0456393 -0.012 
89.81 76.11 0.00210954 8.34471e-06 0.00210954 0.228 0.0456908 -1.33515e-05 0.0456908 -0.012 
90.7 76.84 0.00211073 8.34471e-06 0.00211073 0.228 0.0457461 -1.33515e-05 0.0457461 -0.012 
91.6 78.3 0.00211193 8.34471e-06 0.00211193 0.228 0.0457995 -1.33515e-05 0.0457995 -0.012 
92.5 79.42 0.00211288 8.34471e-06 0.00211288 0.228 0.0458567 -1.33515e-05 0.0458567 -0.012 
93.4 80.17 0.00211431 8.34471e-06 0.00211431 0.228 0.045912 -1.33515e-05 0.045912 -0.012 
94.29 81.32 0.0021155 8.58313e-06 0.0021155 0.234 0.0459654 -1.33515e-05 0.0459654 -0.012 
95.18 82.09 0.00211646 8.58313e-06 0.00211646 0.234 0.0460188 -1.33515e-05 0.0460188 -0.012 
96.09 82.48 0.00211765 8.58313e-06 0.00211765 0.234 0.046078 -1.33515e-05 0.046078 -0.012 
96.98 83.65 0.00211884 8.58313e-06 0.00211884 0.234 0.0461333 -1.33515e-05 0.0461333 -0.018 
97.87 84.73 0.00211956 8.58313e-06 0.00211956 0.234 0.0461867 -1.33515e-05 0.0461867 -0.018 
98.69 84.49 0.00212003 8.58313e-06 0.00212003 0.234 0.0462382 -1.33515e-05 0.0462382 -0.018 
98.81 84.89 0.00212003 8.82155e-06 0.00212003 0.24 0.0462496 -1.33515e-05 0.0462496 -0.018 
100.41 87.74 0.00212003 8.82155e-06 0.00212003 0.24 0.0464365 -1.33515e-05 0.0464365 -0.018 
101.46 84.45 0.00211884 8.82155e-06 0.00211884 0.24 0.0463984 -1.33515e-05 0.0463984 -0.018 
102.36 86.92 0.00212003 8.82155e-06 0.00212003 0.24 0.0464633 -1.33515e-05 0.0464633 -0.018 
103.25 87.33 0.00212099 8.82155e-06 0.00212099 0.24 0.0465033 -1.33515e-05 0.0465033 -0.018 
104.16 87.33 0.0021217 8.82155e-06 0.0021217 0.24 0.0465376 -1.33515e-05 0.0465376 -0.018 
105.04 87.7 0.00212218 8.82155e-06 0.00212218 0.24 0.046572 -1.33515e-05 0.046572 -0.018 
105.94 88.36 0.00212266 8.82155e-06 0.00212266 0.24 0.0466082 -1.33515e-05 0.0466082 -0.018 
106.85 88.99 0.00212266 8.82155e-06 0.00212266 0.24 0.0466444 -1.33515e-05 0.0466444 -0.018 
107.73 88.99 0.00212313 8.82155e-06 0.00212313 0.24 0.0466826 -1.33515e-05 0.0466826 -0.018 
107.95 88.99 0.00212289 8.82155e-06 0.00212289 0.24 0.046694 -1.33515e-05 0.046694 -0.018 
108.2 89.41 0.00212289 8.82155e-06 0.00212289 0.24 0.0467017 -1.33515e-05 0.0467017 -0.018 
108.39 89.41 0.00212289 8.82155e-06 0.00212289 0.24 0.0467074 -1.33515e-05 0.0467074 -0.018 
111.31 95.12 0.00212337 9.05996e-06 0.00212337 0.246 0.047045 -1.52589e-05 0.047045 -0.018 
112.22 96.03 0.00212385 9.05996e-06 0.00212385 0.246 0.0470965 -1.52589e-05 0.0470965 -0.018 
112.24 96.03 0.00212385 9.05996e-06 0.00212385 0.246 0.0470984 -1.52589e-05 0.0470984 -0.018 
112.26 96.03 0.00212385 9.05996e-06 0.00212385 0.246 0.0471022 -1.52589e-05 0.0471022 -0.018 
