T_set(K) T_real(K) X1(V) Y1(V) R1(V) Theta1(deg) X2(V) Y2(V) R2(V) Theta2(deg)
114.97 102.12 0.00212671 9.29838e-06 0.00212671 0.252 0.0474989 -1.52589e-05 0.0474989 -0.018 
116.0 102.6 0.00212695 9.29838e-06 0.00212695 0.252 0.0475333 -1.52589e-05 0.0475333 -0.018 
116.98 103.08 0.00212719 9.29838e-06 0.00212719 0.258 0.0475695 -1.52589e-05 0.0475695 -0.018 
117.97 103.33 0.00212742 9.29838e-06 0.00212742 0.258 0.0476 -1.52589e-05 0.0476 -0.018 
118.98 103.57 0.00212766 9.29838e-06 0.00212766 0.258 0.0476344 -1.52589e-05 0.0476344 -0.018 
119.99 104.56 0.00212766 9.29838e-06 0.00212766 0.258 0.0476687 -1.52589e-05 0.0476687 -0.018 
120.97 105.05 0.0021279 9.29838e-06 0.0021279 0.258 0.0477049 -1.52589e-05 0.0477049 -0.018 
121.98 104.56 0.00212814 9.29838e-06 0.00212814 0.258 0.0477431 -1.52589e-05 0.0477431 -0.018 
122.98 105.05 0.00212838 9.29838e-06 0.00212838 0.252 0.0477831 -1.52589e-05 0.0477831 -0.018 
123.97 106.6 0.00212885 9.29838e-06 0.00212885 0.252 0.0478213 -1.52589e-05 0.0478213 -0.018 
124.98 106.6 0.00212933 9.29838e-06 0.00212933 0.252 0.0478613 -1.71663e-05 0.0478613 -0.018 
125.98 107.11 0.00212957 9.5368e-06 0.00212957 0.258 0.0479014 -1.71663e-05 0.0479014 -0.018 
126.97 108.64 0.00213005 9.5368e-06 0.00213005 0.258 0.0479434 -1.71663e-05 0.0479434 -0.018 
127.98 108.64 0.00213052 9.5368e-06 0.00213052 0.258 0.0479853 -1.71663e-05 0.0479853 -0.018 
128.96 109.67 0.002131 9.5368e-06 0.002131 0.258 0.0480292 -1.71663e-05 0.0480292 -0.018 
129.69 109.67 0.00213148 9.5368e-06 0.00213148 0.258 0.0480559 -1.71663e-05 0.0480559 -0.018 
129.83 109.67 0.00213148 9.5368e-06 0.00213148 0.258 0.0480616 -1.71663e-05 0.0480616 -0.018 
131.96 112.83 0.00213625 9.77522e-06 0.00213625 0.264 0.0482962 -1.71663e-05 0.0482962 -0.018 
132.96 113.37 0.00213696 9.77522e-06 0.00213696 0.264 0.0483363 -1.71663e-05 0.0483363 -0.018 
133.96 114.44 0.00213672 9.77522e-06 0.00213672 0.264 0.0483744 -1.71663e-05 0.0483744 -0.018 
134.96 114.99 0.00213648 9.77522e-06 0.00213648 0.264 0.0484164 -1.71663e-05 0.0484164 -0.018 
135.96 115.53 0.00213648 9.77522e-06 0.00213648 0.264 0.0484564 -1.90736e-05 0.0484564 -0.024 
136.96 117.18 0.00213648 9.77522e-06 0.00213648 0.264 0.0484984 -1.90736e-05 0.0484984 -0.024 
137.96 117.24 0.00213696 9.77522e-06 0.00213696 0.27 0.0485442 -1.90736e-05 0.0485442 -0.024 
138.38 117.74 0.0021372 9.77522e-06 0.0021372 0.27 0.0485594 -1.90736e-05 0.0485594 -0.024 
139.94 120.05 0.00213934 9.77522e-06 0.00213934 0.27 0.0486929 -1.90736e-05 0.0486929 -0.024 
139.57 121.19 0.00214149 9.77522e-06 0.00214149 0.27 0.0487483 -1.71663e-05 0.0487483 -0.018 
141.03 121.19 0.00214316 9.77522e-06 0.00214316 0.27 0.0488036 -1.90736e-05 0.0488036 -0.024 
142.86 122.34 0.00214697 1.00136e-05 0.00214697 0.27 0.048918 -1.90736e-05 0.048918 -0.024 
143.96 121.76 0.0021465 9.77522e-06 0.0021465 0.264 0.0488284 -1.90736e-05 0.0488284 -0.024 
144.98 122.34 0.00214697 9.77522e-06 0.00214697 0.264 0.0488436 -1.90736e-05 0.0488436 -0.024 
145.96 122.92 0.00214769 1.00136e-05 0.00214769 0.27 0.0488665 -1.90736e-05 0.0488665 -0.024 
146.96 122.92 0.0021484 1.00136e-05 0.0021484 0.27 0.0488932 -1.90736e-05 0.0488932 -0.024 
147.98 122.34 0.00214912 1.00136e-05 0.00214912 0.27 0.0489218 -1.90736e-05 0.0489218 -0.024 
148.97 123.5 0.00214984 1.00136e-05 0.00214984 0.27 0.0489504 -1.90736e-05 0.0489504 -0.024 
149.99 123.5 0.00215031 1.00136e-05 0.00215031 0.27 0.0489829 -1.90736e-05 0.0489829 -0.024 
150.61 123.5 0.00215079 1.00136e-05 0.00215079 0.27 0.049 -1.90736e-05 0.049 -0.024 
151.47 123.56 0.00215103 1.00136e-05 0.00215103 0.27 0.0490248 -1.90736e-05 0.0490248 -0.024 
152.96 125.27 0.00215293 1.00136e-05 0.00215293 0.27 0.0490935 -1.90736e-05 0.0490935 -0.018 
153.71 125.81 0.00215317 1.00136e-05 0.00215317 0.27 0.0491202 -1.90736e-05 0.0491202 -0.018 
154.96 127.06 0.00215365 1.02521e-05 0.00215365 0.276 0.0491602 -1.90736e-05 0.0491602 -0.018 
155.08 127.06 0.00215389 1.02521e-05 0.00215389 0.276 0.0491698 -1.90736e-05 0.0491698 -0.018 
156.89 128.27 0.00215532 1.02521e-05 0.00215532 0.276 0.0492804 -1.90736e-05 0.0492804 -0.018 
157.96 128.39 0.00215627 1.02521e-05 0.00215627 0.276 0.0493224 -2.0981e-05 0.0493224 -0.024 
159.0 129.49 0.00215723 1.02521e-05 0.00215723 0.276 0.0493548 -2.0981e-05 0.0493548 -0.024 
159.74 129.74 0.00215794 1.02521e-05 0.00215794 0.276 0.0493777 -2.0981e-05 0.0493777 -0.024 
160.46 130.11 0.00215842 1.02521e-05 0.00215842 0.276 0.0493968 -2.0981e-05 0.0493968 -0.024 
160.84 130.72 0.00215866 1.02521e-05 0.00215866 0.276 0.0494082 -2.0981e-05 0.0494082 -0.024 
162.87 132.59 0.0021639 1.04905e-05 0.0021639 0.276 0.0495551 -2.0981e-05 0.0495551 -0.024 
163.43 132.66 0.00216462 1.04905e-05 0.00216462 0.276 0.049576 -2.0981e-05 0.049576 -0.024 
164.96 134.56 0.00216581 1.04905e-05 0.00216581 0.276 0.0496581 -2.0981e-05 0.0496581 -0.024 
165.96 134.56 0.00216629 1.04905e-05 0.00216629 0.276 0.0496943 -2.0981e-05 0.0496943 -0.024 
166.28 135.19 0.00216652 1.04905e-05 0.00216652 0.276 0.0497077 -2.0981e-05 0.0497077 -0.024 
167.65 135.84 0.00216724 1.04905e-05 0.00216724 0.276 0.0497553 -2.0981e-05 0.0497553 -0.024 
168.58 135.84 0.00216772 1.04905e-05 0.00216772 0.276 0.0497878 -2.0981e-05 0.0497878 -0.024 
169.89 138.43 0.00216867 1.04905e-05 0.00216867 0.282 0.0498488 -2.0981e-05 0.0498488 -0.024 
170.96 137.78 0.00216939 1.04905e-05 0.00216939 0.282 0.0498965 -2.28883e-05 0.0498965 -0.024 
171.97 139.16 0.00216986 1.04905e-05 0.00216986 0.282 0.0499289 -2.28883e-05 0.0499289 -0.024 
1.0 139.09 0.00216962 1.04905e-05 0.00216962 0.276 0.0498641 -2.28883e-05 0.0498641 -0.024 
173.1 139.09 0.00216939 1.04905e-05 0.00216939 0.276 0.0498583 -2.28883e-05 0.0498583 -0.024 
174.97 139.75 0.00217034 1.04905e-05 0.00217034 0.276 0.0498698 -2.28883e-05 0.0498698 -0.024 
175.32 139.75 0.00217082 1.04905e-05 0.00217082 0.276 0.0498774 -2.28883e-05 0.0498774 -0.024 
176.72 139.75 0.00217105 1.04905e-05 0.00217105 0.276 0.0499003 -2.28883e-05 0.0499003 -0.024 
177.93 140.41 0.00217153 1.04905e-05 0.00217153 0.282 0.0499232 -2.28883e-05 0.0499232 -0.024 
178.96 140.41 0.00217201 1.04905e-05 0.00217201 0.282 0.049948 -2.28883e-05 0.049948 -0.024 
179.97 140.68 0.00217201 1.04905e-05 0.00217201 0.282 0.0499671 -2.28883e-05 0.0499671 -0.024 
180.85 140.41 0.00217201 1.04905e-05 0.00217201 0.282 0.0499861 -2.28883e-05 0.0499861 -0.024 
