T_set(K) T_real(K) X(V) Y(V) R(V) Theta(deg)
99.06 115.04 0.0424521 -1.52589e-05 0.0424521 -0.018 
99.05 115.53 0.0424521 -1.52589e-05 0.0424521 -0.018 
99.03 115.2 0.0424502 -1.52589e-05 0.0424502 -0.018 
99.02 115.53 0.0424502 -1.52589e-05 0.0424502 -0.018 
99.0 115.53 0.0424502 -1.52589e-05 0.0424502 -0.018 
98.98 115.53 0.0424502 -1.52589e-05 0.0424502 -0.018 
98.97 115.2 0.0424502 -1.52589e-05 0.0424502 -0.018 
98.96 114.99 0.0424502 -1.52589e-05 0.0424502 -0.018 
98.94 114.99 0.0424502 -1.52589e-05 0.0424502 -0.018 
98.93 114.99 0.0424502 -1.52589e-05 0.0424502 -0.018 
98.91 114.99 0.0424483 -1.52589e-05 0.0424483 -0.018 
98.9 114.44 0.0424483 -1.52589e-05 0.0424483 -0.018 
98.89 114.44 0.0424483 -1.52589e-05 0.0424483 -0.018 
98.87 114.44 0.0424464 -1.52589e-05 0.0424464 -0.018 
98.86 114.44 0.0424464 -1.52589e-05 0.0424464 -0.018 
98.84 114.44 0.0424483 -1.52589e-05 0.0424483 -0.018 
98.83 114.23 0.0424483 -1.52589e-05 0.0424483 -0.018 
98.82 114.44 0.0424464 -1.52589e-05 0.0424464 -0.018 
98.8 114.44 0.0424464 -1.52589e-05 0.0424464 -0.018 
98.79 114.44 0.0424464 -1.52589e-05 0.0424464 -0.018 
98.77 114.44 0.0424464 -1.52589e-05 0.0424464 -0.018 
98.76 114.44 0.0424464 -1.52589e-05 0.0424464 -0.018 
98.75 114.44 0.0424445 -1.52589e-05 0.0424445 -0.018 
98.73 114.44 0.0424445 -1.52589e-05 0.0424445 -0.018 
98.72 114.44 0.0424445 -1.52589e-05 0.0424445 -0.018 
98.7 114.44 0.0424445 -1.52589e-05 0.0424445 -0.018 
98.69 114.44 0.0424445 -1.52589e-05 0.0424445 -0.018 
98.67 114.44 0.0424426 -1.52589e-05 0.0424426 -0.018 
98.66 114.44 0.0424407 -1.52589e-05 0.0424407 -0.018 
98.65 114.44 0.0424426 -1.52589e-05 0.0424426 -0.018 
98.63 114.88 0.0424407 -1.52589e-05 0.0424407 -0.018 
98.62 114.66 0.0424407 -1.52589e-05 0.0424407 -0.018 
98.6 114.77 0.0424407 -1.52589e-05 0.0424407 -0.018 
98.58 114.5 0.0424387 -1.52589e-05 0.0424387 -0.018 
98.56 114.66 0.0424387 -1.52589e-05 0.0424387 -0.018 
98.55 114.44 0.0424387 -1.52589e-05 0.0424387 -0.018 
98.54 114.44 0.0424387 -1.52589e-05 0.0424387 -0.018 
98.53 114.44 0.0424387 -1.52589e-05 0.0424387 -0.018 
98.51 114.44 0.0424368 -1.52589e-05 0.0424368 -0.018 
98.49 114.44 0.0424368 -1.52589e-05 0.0424368 -0.018 
101.0 114.44 0.0424368 -1.52589e-05 0.0424368 -0.018 
98.47 114.39 0.0424368 -1.52589e-05 0.0424368 -0.018 
98.46 113.9 0.0424368 -1.52589e-05 0.0424368 -0.018 
98.44 113.9 0.0424368 -1.52589e-05 0.0424368 -0.018 
98.42 113.9 0.0424368 -1.52589e-05 0.0424368 -0.018 
98.41 113.9 0.0424368 -1.52589e-05 0.0424368 -0.018 
98.4 113.9 0.0424368 -1.52589e-05 0.0424368 -0.018 
98.38 113.9 0.0424349 -1.52589e-05 0.0424349 -0.018 
98.37 113.96 0.0424368 -1.52589e-05 0.0424368 -0.018 
98.36 113.9 0.0424349 -1.52589e-05 0.0424349 -0.018 
98.35 113.9 0.0424349 -1.52589e-05 0.0424349 -0.018 
98.33 114.17 0.0424311 -1.52589e-05 0.0424311 -0.018 
98.31 114.23 0.0424273 -1.52589e-05 0.0424273 -0.018 
98.29 114.44 0.0424235 -1.52589e-05 0.0424235 -0.018 
98.27 114.23 0.0424216 -1.52589e-05 0.0424216 -0.018 
98.25 114.01 0.0424178 -1.52589e-05 0.0424178 -0.018 
98.22 114.23 0.042412 -1.52589e-05 0.042412 -0.018 
98.19 113.9 0.0424082 -1.52589e-05 0.0424082 -0.018 
98.17 113.9 0.0424063 -1.52589e-05 0.0424063 -0.018 
98.14 113.9 0.0424025 -1.52589e-05 0.0424025 -0.018 
98.11 113.9 0.0423987 -1.52589e-05 0.0423987 -0.018 
98.08 113.9 0.0423968 -1.52589e-05 0.0423968 -0.018 
98.04 113.9 0.0423949 -1.52589e-05 0.0423949 -0.018 
98.01 113.9 0.042393 -1.52589e-05 0.042393 -0.018 
97.98 113.9 0.0423911 -1.52589e-05 0.0423911 -0.018 
97.95 113.9 0.0423892 -1.52589e-05 0.0423892 -0.018 
97.92 113.9 0.0423872 -1.52589e-05 0.0423872 -0.018 
97.89 114.12 0.0423853 -1.52589e-05 0.0423853 -0.018 
97.86 114.39 0.0423815 -1.52589e-05 0.0423815 -0.018 
97.83 114.44 0.0423758 -1.52589e-05 0.0423758 -0.018 
97.8 114.44 0.0423701 -1.52589e-05 0.0423701 -0.018 
97.76 114.44 0.0423663 -1.52589e-05 0.0423663 -0.018 
1.0 114.44 0.0423644 -1.52589e-05 0.0423644 -0.018 
97.69 114.44 0.0423605 -1.52589e-05 0.0423605 -0.018 
97.66 114.44 0.0423586 -1.52589e-05 0.0423586 -0.018 
97.62 114.44 0.0423567 -1.52589e-05 0.0423567 -0.018 
97.59 114.44 0.0423548 -1.52589e-05 0.0423548 -0.018 
97.55 114.44 0.042351 -1.52589e-05 0.042351 -0.018 
97.52 114.44 0.0423491 -1.52589e-05 0.0423491 -0.018 
97.48 114.44 0.0423453 -1.52589e-05 0.0423453 -0.018 
97.45 114.44 0.0423434 -1.52589e-05 0.0423434 -0.018 
97.41 114.44 0.0423434 -1.52589e-05 0.0423434 -0.018 
97.38 114.44 0.0423415 -1.52589e-05 0.0423415 -0.018 
97.34 114.44 0.0423396 -1.52589e-05 0.0423396 -0.018 
97.3 114.44 0.0423377 -1.52589e-05 0.0423377 -0.018 
97.27 114.44 0.0423357 -1.52589e-05 0.0423357 -0.018 
97.23 113.96 0.0423357 -1.52589e-05 0.0423357 -0.018 
97.2 113.9 0.0423338 -1.52589e-05 0.0423338 -0.018 
97.16 113.9 0.0423319 -1.52589e-05 0.0423319 -0.018 
97.13 113.9 0.04233 -1.52589e-05 0.04233 -0.018 
97.09 113.37 0.04233 -1.52589e-05 0.04233 -0.018 
97.06 113.37 0.04233 -1.52589e-05 0.04233 -0.018 
97.02 113.37 0.04233 -1.52589e-05 0.04233 -0.018 
96.99 113.15 0.0423281 -1.52589e-05 0.0423281 -0.018 
96.95 113.37 0.0423262 -1.52589e-05 0.0423262 -0.018 
96.92 113.37 0.0423262 -1.52589e-05 0.0423262 -0.018 
96.88 113.37 0.0423243 -1.52589e-05 0.0423243 -0.018 
96.85 113.9 0.0423243 -1.52589e-05 0.0423243 -0.018 
96.81 113.9 0.0423224 -1.52589e-05 0.0423224 -0.018 
96.78 113.9 0.0423224 -1.52589e-05 0.0423224 -0.018 
96.74 113.9 0.0423205 -1.52589e-05 0.0423205 -0.018 
96.7 113.9 0.0423205 -1.52589e-05 0.0423205 -0.018 
96.67 113.37 0.0423205 -1.52589e-05 0.0423205 -0.018 
96.64 113.37 0.0423186 -1.52589e-05 0.0423186 -0.018 
96.6 112.88 0.0423186 -1.52589e-05 0.0423186 -0.018 
96.56 112.83 0.0423186 -1.52589e-05 0.0423186 -0.018 
96.53 112.83 0.0423167 -1.52589e-05 0.0423167 -0.018 
96.49 113.37 0.0423167 -1.52589e-05 0.0423167 -0.018 
96.46 113.37 0.0423167 -1.52589e-05 0.0423167 -0.018 
96.43 113.58 0.0423148 -1.52589e-05 0.0423148 -0.018 
96.39 113.9 0.0423148 -1.52589e-05 0.0423148 -0.018 
96.36 113.9 0.0423129 -1.52589e-05 0.0423129 -0.018 
96.33 113.9 0.0423129 -1.52589e-05 0.0423129 -0.018 
96.29 113.69 0.042311 -1.52589e-05 0.042311 -0.018 
96.25 113.37 0.0423052 -1.52589e-05 0.0423052 -0.018 
96.22 112.94 0.0422938 -1.52589e-05 0.0422938 -0.018 
96.18 112.83 0.0422785 -1.52589e-05 0.0422785 -0.018 
96.14 112.41 0.0422652 -1.52589e-05 0.0422652 -0.018 
96.1 112.3 0.0422537 -1.52589e-05 0.0422537 -0.018 
96.04 112.3 0.0422461 -1.52589e-05 0.0422461 -0.018 
95.98 112.3 0.0422385 -1.52589e-05 0.0422385 -0.018 
95.92 112.3 0.0422347 -1.52589e-05 0.0422347 -0.018 
95.86 112.3 0.0422289 -1.52589e-05 0.0422289 -0.018 
95.8 112.3 0.0422251 -1.52589e-05 0.0422251 -0.018 
95.74 111.77 0.0422232 -1.52589e-05 0.0422232 -0.018 
95.69 111.77 0.0422194 -1.52589e-05 0.0422194 -0.018 
95.62 111.24 0.0422156 -1.52589e-05 0.0422156 -0.018 
95.56 111.24 0.0422156 -1.52589e-05 0.0422156 -0.018 
95.5 110.72 0.0422518 -1.52589e-05 0.0422518 -0.018 
95.44 110.72 0.0422766 -1.52589e-05 0.0422766 -0.018 
95.39 110.72 0.0422785 -1.52589e-05 0.0422785 -0.018 
95.33 110.72 0.0422766 -1.52589e-05 0.0422766 -0.018 
95.27 110.19 0.0422747 -1.52589e-05 0.0422747 -0.018 
95.21 110.19 0.0422728 -1.52589e-05 0.0422728 -0.018 
95.16 110.25 0.0422709 -1.52589e-05 0.0422709 -0.018 
95.1 110.72 0.042269 -1.52589e-05 0.042269 -0.018 
95.04 110.72 0.0422671 -1.52589e-05 0.0422671 -0.018 
94.98 110.72 0.0422652 -1.52589e-05 0.0422652 -0.018 
94.92 110.98 0.0422652 -1.52589e-05 0.0422652 -0.018 
94.86 111.24 0.0422633 -1.52589e-05 0.0422633 -0.018 
94.81 110.93 0.0422614 -1.52589e-05 0.0422614 -0.018 
94.75 110.72 0.0422614 -1.52589e-05 0.0422614 -0.018 
94.69 110.72 0.0422595 -1.52589e-05 0.0422595 -0.018 
94.64 110.51 0.0422575 -1.52589e-05 0.0422575 -0.018 
94.59 110.19 0.0422556 -1.52589e-05 0.0422556 -0.018 
94.53 110.19 0.0422537 -1.52589e-05 0.0422537 -0.018 
94.47 109.73 0.0422537 -1.52589e-05 0.0422537 -0.018 
94.42 109.67 0.0422518 -1.52589e-05 0.0422518 -0.018 
94.36 109.67 0.0422518 -1.52589e-05 0.0422518 -0.018 
94.3 109.67 0.0422499 -1.52589e-05 0.0422499 -0.018 
94.24 109.67 0.042248 -1.52589e-05 0.042248 -0.018 
94.19 109.67 0.0422442 -1.52589e-05 0.0422442 -0.018 
94.13 109.67 0.0422366 -1.52589e-05 0.0422366 -0.018 
94.08 109.67 0.042227 -1.52589e-05 0.042227 -0.018 
94.0 108.69 0.0422213 -1.52589e-05 0.0422213 -0.018 
93.92 108.64 0.0422175 -1.52589e-05 0.0422175 -0.018 
93.83 108.13 0.0422137 -1.52589e-05 0.0422137 -0.018 
93.75 108.13 0.0422118 -1.52589e-05 0.0422118 -0.018 
93.66 108.13 0.042208 -1.52589e-05 0.042208 -0.018 
93.58 108.13 0.042227 -1.52589e-05 0.042227 -0.018 
93.49 107.72 0.0424235 -1.52589e-05 0.0424235 -0.018 
93.41 107.62 0.0424693 -1.52589e-05 0.0424693 -0.018 
93.32 107.62 0.0424731 -1.52589e-05 0.0424731 -0.018 
93.23 107.62 0.0424731 -1.52589e-05 0.0424731 -0.018 
93.15 107.11 0.0424693 -1.52589e-05 0.0424693 -0.018 
93.07 107.11 0.0424654 -1.52589e-05 0.0424654 -0.018 
92.98 107.11 0.0424635 -1.52589e-05 0.0424635 -0.018 
92.89 107.11 0.0424597 -1.52589e-05 0.0424597 -0.018 
92.81 106.91 0.0424578 -1.52589e-05 0.0424578 -0.018 
1.0 106.71 0.0424559 -1.52589e-05 0.0424559 -0.018 
92.65 106.6 0.0424521 -1.52589e-05 0.0424521 -0.018 
92.57 106.6 0.0424521 -1.52589e-05 0.0424521 -0.018 
92.48 106.6 0.0424502 -1.52589e-05 0.0424502 -0.018 
92.39 106.6 0.0424502 -1.52589e-05 0.0424502 -0.018 
92.32 106.6 0.0424464 -1.52589e-05 0.0424464 -0.018 
92.23 106.6 0.0424426 -1.52589e-05 0.0424426 -0.018 
92.15 106.6 0.0424387 -1.52589e-05 0.0424387 -0.018 
92.06 106.3 0.0424368 -1.52589e-05 0.0424368 -0.018 
91.98 106.05 0.042433 -1.52589e-05 0.042433 -0.018 
91.9 106.05 0.0424292 -1.52589e-05 0.0424292 -0.018 
91.82 106.05 0.0424273 -1.52589e-05 0.0424273 -0.018 
91.74 105.65 0.0424254 -1.52589e-05 0.0424254 -0.018 
91.66 105.55 0.0424254 -1.52589e-05 0.0424254 -0.018 
91.58 105.55 0.0424254 -1.52589e-05 0.0424254 -0.018 
91.5 105.55 0.0424235 -1.52589e-05 0.0424235 -0.018 
91.42 105.1 0.0424216 -1.52589e-05 0.0424216 -0.018 
91.34 105.05 0.0424197 -1.52589e-05 0.0424197 -0.018 
91.26 105.05 0.0424159 -1.52589e-05 0.0424159 -0.018 
91.18 105.05 0.042412 -1.52589e-05 0.042412 -0.018 
91.1 105.05 0.0424101 -1.52589e-05 0.0424101 -0.018 
91.02 105.05 0.0424082 -1.52589e-05 0.0424082 -0.018 
90.94 105.05 0.0424063 -1.52589e-05 0.0424063 -0.018 
90.87 105.05 0.0424044 -1.52589e-05 0.0424044 -0.018 
90.78 105.05 0.0424025 -1.52589e-05 0.0424025 -0.018 
90.7 104.61 0.0424006 -1.52589e-05 0.0424006 -0.018 
90.62 104.56 0.0423987 -1.52589e-05 0.0423987 -0.018 
101.0 104.56 0.0423968 -1.52589e-05 0.0423968 -0.018 
90.47 104.56 0.0423968 -1.52589e-05 0.0423968 -0.018 
90.39 104.56 0.042393 -1.52589e-05 0.042393 -0.018 
90.31 104.56 0.0423911 -1.52589e-05 0.0423911 -0.018 
90.23 104.56 0.0423892 -1.52589e-05 0.0423892 -0.018 
90.15 104.56 0.0423834 -1.52589e-05 0.0423834 -0.018 
90.07 104.56 0.0423815 -1.52589e-05 0.0423815 -0.018 
89.99 104.56 0.0423758 -1.52589e-05 0.0423758 -0.018 
89.92 104.56 0.0423739 -1.52589e-05 0.0423739 -0.018 
89.84 104.56 0.042372 -1.52589e-05 0.042372 -0.018 
89.76 104.16 0.0423701 -1.52589e-05 0.0423701 -0.018 
89.69 104.06 0.0423682 -1.52589e-05 0.0423682 -0.018 
89.61 104.26 0.0423663 -1.52589e-05 0.0423663 -0.018 
89.52 104.06 0.0423605 -1.52589e-05 0.0423605 -0.018 
89.44 104.06 0.0423586 -1.52589e-05 0.0423586 -0.018 
89.35 104.06 0.0423567 -1.52589e-05 0.0423567 -0.018 
89.25 104.06 0.0423548 -1.52589e-05 0.0423548 -0.018 
89.15 104.06 0.042351 -1.52589e-05 0.042351 -0.018 
89.06 104.06 0.0423472 -1.52589e-05 0.0423472 -0.018 
88.96 103.62 0.0423472 -1.52589e-05 0.0423472 -0.018 
88.87 103.57 0.0423434 -1.52589e-05 0.0423434 -0.018 
88.77 103.57 0.0423434 -1.52589e-05 0.0423434 -0.018 
88.67 103.57 0.0423396 -1.52589e-05 0.0423396 -0.018 
88.59 103.57 0.0423377 -1.52589e-05 0.0423377 -0.018 
88.49 103.57 0.0423338 -1.52589e-05 0.0423338 -0.018 
88.4 103.57 0.04233 -1.52589e-05 0.04233 -0.018 
88.3 103.57 0.0423262 -1.52589e-05 0.0423262 -0.018 
88.2 103.57 0.0423224 -1.52589e-05 0.0423224 -0.018 
88.12 103.57 0.0423205 -1.52589e-05 0.0423205 -0.018 
88.02 103.57 0.0423186 -1.52589e-05 0.0423186 -0.018 
87.93 103.57 0.0423186 -1.52589e-05 0.0423186 -0.018 
87.83 103.57 0.0423148 -1.52589e-05 0.0423148 -0.018 
87.74 103.57 0.042311 -1.52589e-05 0.042311 -0.018 
87.65 103.57 0.0423071 -1.52589e-05 0.0423071 -0.018 
87.56 103.08 0.0423033 -1.52589e-05 0.0423033 -0.018 
87.46 103.08 0.0422976 -1.52589e-05 0.0422976 -0.018 
87.38 103.08 0.0422957 -1.52589e-05 0.0422957 -0.018 
87.28 103.08 0.0422938 -1.52589e-05 0.0422938 -0.018 
87.19 102.6 0.0422919 -1.52589e-05 0.0422919 -0.018 
87.09 102.6 0.04229 -1.52589e-05 0.04229 -0.018 
87.0 102.6 0.0422881 -1.52589e-05 0.0422881 -0.018 
86.91 102.12 0.0422862 -1.52589e-05 0.0422862 -0.018 
86.82 102.12 0.0422823 -1.52589e-05 0.0422823 -0.018 
86.73 102.12 0.0422785 -1.52589e-05 0.0422785 -0.018 
86.64 101.87 0.0422785 -1.52589e-05 0.0422785 -0.018 
86.54 101.63 0.0422766 -1.52589e-05 0.0422766 -0.018 
86.46 101.63 0.0422747 -1.52589e-05 0.0422747 -0.018 
86.37 101.63 0.0422709 -1.52589e-05 0.0422709 -0.018 
86.27 101.63 0.042269 -1.52589e-05 0.042269 -0.018 
86.18 101.63 0.0422652 -1.52589e-05 0.0422652 -0.018 
86.1 101.63 0.0422633 -1.52589e-05 0.0422633 -0.018 
86.01 101.63 0.0422614 -1.52589e-05 0.0422614 -0.018 
85.91 101.63 0.0422575 -1.52589e-05 0.0422575 -0.018 
85.82 101.63 0.0422556 -1.52589e-05 0.0422556 -0.018 
85.74 101.63 0.0422518 -1.52589e-05 0.0422518 -0.018 
85.65 101.63 0.0422518 -1.52589e-05 0.0422518 -0.018 
85.55 101.63 0.0422461 -1.52589e-05 0.0422461 -0.018 
85.47 101.63 0.0422423 -1.52589e-05 0.0422423 -0.018 
85.38 101.63 0.0422404 -1.52589e-05 0.0422404 -0.018 
85.29 101.63 0.0422385 -1.52589e-05 0.0422385 -0.018 
85.2 101.63 0.0422366 -1.52589e-05 0.0422366 -0.018 
85.11 101.58 0.0422328 -1.52589e-05 0.0422328 -0.018 
85.02 101.25 0.0422308 -1.52589e-05 0.0422308 -0.018 
84.94 101.39 0.0422328 -1.52589e-05 0.0422328 -0.018 
84.85 101.63 0.0422308 -1.52589e-05 0.0422308 -0.018 
84.76 101.63 0.042227 -1.52589e-05 0.042227 -0.018 
84.67 101.63 0.0422251 -1.52589e-05 0.0422251 -0.018 
84.58 101.63 0.0422232 -1.52589e-05 0.0422232 -0.018 
84.49 101.2 0.0422213 -1.52589e-05 0.0422213 -0.018 
84.4 101.15 0.0422175 -1.52589e-05 0.0422175 -0.018 
84.31 101.15 0.0422137 -1.52589e-05 0.0422137 -0.018 
84.23 101.15 0.0422118 -1.52589e-05 0.0422118 -0.018 
84.14 101.15 0.0422099 -1.52589e-05 0.0422099 -0.018 
84.06 101.2 0.042206 -1.52589e-05 0.042206 -0.018 
83.97 100.68 0.0422041 -1.52589e-05 0.0422041 -0.018 
83.88 100.68 0.0422022 -1.52589e-05 0.0422022 -0.018 
83.79 100.68 0.0421984 -1.52589e-05 0.0421984 -0.018 
83.71 100.68 0.0421965 -1.52589e-05 0.0421965 -0.018 
83.62 100.68 0.0421927 -1.52589e-05 0.0421927 -0.018 
83.53 100.68 0.042187 -1.52589e-05 0.042187 -0.018 
83.44 100.68 0.0421851 -1.52589e-05 0.0421851 -0.018 
83.37 100.49 0.0421832 -1.52589e-05 0.0421832 -0.018 
83.28 100.25 0.0421813 -1.52589e-05 0.0421813 -0.018 
83.19 100.3 0.0421774 -1.52589e-05 0.0421774 -0.018 
83.11 100.2 0.0421755 -1.52589e-05 0.0421755 -0.018 
83.02 100.2 0.0421717 -1.52589e-05 0.0421717 -0.018 
82.94 100.2 0.0421717 -1.52589e-05 0.0421717 -0.018 
82.85 100.2 0.042166 -1.52589e-05 0.042166 -0.018 
82.76 100.2 0.0421641 -1.52589e-05 0.0421641 -0.018 
82.68 100.2 0.0421622 -1.52589e-05 0.0421622 -0.018 
82.6 100.2 0.0421584 -1.52589e-05 0.0421584 -0.018 
82.51 100.2 0.0421584 -1.52589e-05 0.0421584 -0.018 
82.43 99.73 0.0421565 -1.52589e-05 0.0421565 -0.018 
82.34 99.73 0.0421526 -1.52589e-05 0.0421526 -0.018 
82.26 99.73 0.0421507 -1.52589e-05 0.0421507 -0.018 
101.0 99.73 0.0421469 -1.52589e-05 0.0421469 -0.018 
82.09 99.73 0.042145 -1.52589e-05 0.042145 -0.018 
82.01 99.73 0.0421412 -1.52589e-05 0.0421412 -0.018 
81.92 99.26 0.0421374 -1.52589e-05 0.0421374 -0.018 
81.85 99.26 0.0421336 -1.52589e-05 0.0421336 -0.018 
81.76 99.26 0.0421317 -1.52589e-05 0.0421317 -0.018 
81.68 99.26 0.0421278 -1.52589e-05 0.0421278 -0.018 
81.59 99.26 0.0421259 -1.52589e-05 0.0421259 -0.018 
81.5 99.26 0.0421221 -1.52589e-05 0.0421221 -0.018 
81.43 99.26 0.0421202 -1.52589e-05 0.0421202 -0.018 
81.34 99.26 0.0421183 -1.52589e-05 0.0421183 -0.018 
81.26 98.79 0.0421145 -1.52589e-05 0.0421145 -0.018 
81.17 98.79 0.0421107 -1.52589e-05 0.0421107 -0.018 
81.09 98.79 0.0421088 -1.52589e-05 0.0421088 -0.018 
81.01 98.37 0.0421069 -1.52589e-05 0.0421069 -0.018 
80.92 98.32 0.042105 -1.52589e-05 0.042105 -0.018 
80.84 98.32 0.0421031 -1.52589e-05 0.0421031 -0.018 
80.77 98.32 0.0420992 -1.52589e-05 0.0420992 -0.018 
80.68 98.32 0.0420973 -1.52589e-05 0.0420973 -0.018 
80.59 98.32 0.0420935 -1.52589e-05 0.0420935 -0.018 
80.51 98.14 0.0420935 -1.52589e-05 0.0420935 -0.018 
80.43 98.09 0.0420897 -1.52589e-05 0.0420897 -0.018 
80.35 97.91 0.0420859 -1.52589e-05 0.0420859 -0.018 
80.27 97.86 0.0420802 -1.52589e-05 0.0420802 -0.018 
80.18 97.86 0.0420802 -1.52589e-05 0.0420802 -0.018 
80.1 97.86 0.0420783 -1.52589e-05 0.0420783 -0.018 
80.02 97.86 0.0420725 -1.52589e-05 0.0420725 -0.018 
79.94 98.05 0.0420687 -1.52589e-05 0.0420687 -0.018 
79.86 98.05 0.0420668 -1.52589e-05 0.0420668 -0.018 
79.77 98.09 0.042063 -1.52589e-05 0.042063 -0.018 
79.69 98.32 0.0420592 -1.52589e-05 0.0420592 -0.018 
79.62 98.14 0.0420554 -1.52589e-05 0.0420554 -0.018 
79.53 97.91 0.0420535 -1.52589e-05 0.0420535 -0.018 
79.45 97.86 0.0420516 -1.52589e-05 0.0420516 -0.018 
79.37 97.86 0.0420496 -1.52589e-05 0.0420496 -0.018 
79.3 97.86 0.0420458 -1.52589e-05 0.0420458 -0.018 
79.21 97.68 0.042042 -1.52589e-05 0.042042 -0.018 
79.13 97.4 0.0420401 -1.52589e-05 0.0420401 -0.018 
79.05 97.4 0.0420382 -1.52589e-05 0.0420382 -0.018 
78.96 97.4 0.0420363 -1.52589e-05 0.0420363 -0.018 
78.89 96.94 0.0420325 -1.52589e-05 0.0420325 -0.018 
78.81 96.94 0.0420287 -1.52589e-05 0.0420287 -0.018 
78.73 96.48 0.0420268 -1.52589e-05 0.0420268 -0.018 
78.64 96.48 0.0420249 -1.52589e-05 0.0420249 -0.018 
78.57 96.48 0.0420229 -1.52589e-05 0.0420229 -0.018 
78.49 96.48 0.0420191 -1.52589e-05 0.0420191 -0.018 
78.41 96.48 0.0420153 -1.52589e-05 0.0420153 -0.018 
78.32 96.48 0.0420134 -1.52589e-05 0.0420134 -0.018 
78.24 96.94 0.0420115 -1.52589e-05 0.0420115 -0.018 
78.16 96.94 0.0420077 -1.52589e-05 0.0420077 -0.018 
78.08 96.94 0.0420039 -1.52589e-05 0.0420039 -0.018 
78.0 96.94 0.0420001 -1.52589e-05 0.0420001 -0.018 
77.92 96.94 0.0420001 -1.52589e-05 0.0420001 -0.018 
77.85 96.94 0.0419962 -1.52589e-05 0.0419962 -0.018 
77.77 96.48 0.0419924 -1.52589e-05 0.0419924 -0.018 
77.69 96.48 0.0419905 -1.52589e-05 0.0419905 -0.018 
77.61 96.03 0.0419886 -1.52589e-05 0.0419886 -0.018 
77.53 96.03 0.0419867 -1.52589e-05 0.0419867 -0.018 
77.45 95.58 0.0419848 -1.52589e-05 0.0419848 -0.018 
77.37 95.58 0.0419829 -1.52589e-05 0.0419829 -0.018 
77.29 95.58 0.0419791 -1.52589e-05 0.0419791 -0.018 
77.22 95.58 0.0419753 -1.52589e-05 0.0419753 -0.018 
77.14 95.58 0.0419753 -1.52589e-05 0.0419753 -0.018 
77.06 95.58 0.0419714 -1.52589e-05 0.0419714 -0.018 
76.97 95.58 0.0419676 -1.52589e-05 0.0419676 -0.018 
76.89 95.94 0.0419657 -1.52589e-05 0.0419657 -0.018 
76.82 96.03 0.0419619 -1.52589e-05 0.0419619 -0.018 
76.74 96.03 0.0419619 -1.52589e-05 0.0419619 -0.018 
76.66 96.03 0.0419581 -1.52589e-05 0.0419581 -0.018 
76.58 96.03 0.0419543 -1.52589e-05 0.0419543 -0.018 
76.5 96.03 0.0419524 -1.52589e-05 0.0419524 -0.018 
76.42 96.03 0.0419505 -1.52589e-05 0.0419505 -0.018 
76.34 95.98 0.0419486 -1.52589e-05 0.0419486 -0.018 
76.26 95.58 0.0419466 -1.52589e-05 0.0419466 -0.018 
76.18 95.58 0.0419447 -1.52589e-05 0.0419447 -0.018 
76.11 95.58 0.0419409 -1.52589e-05 0.0419409 -0.018 
76.03 95.12 0.0419371 -1.52589e-05 0.0419371 -0.018 
75.95 95.12 0.0419352 -1.52589e-05 0.0419352 -0.018 
75.87 94.72 0.0419333 -1.52589e-05 0.0419333 -0.018 
75.8 94.63 0.0419295 -1.52589e-05 0.0419295 -0.018 
75.72 94.63 0.0419276 -1.52589e-05 0.0419276 -0.018 
75.65 94.18 0.0419257 -1.52589e-05 0.0419257 -0.018 
75.57 94.18 0.0419257 -1.52589e-05 0.0419257 -0.018 
75.48 94.36 0.0419257 -1.52589e-05 0.0419257 -0.018 
75.42 94.63 0.0424368 -1.52589e-05 0.0424368 -0.018 
101.0 94.63 0.0443957 -2.0981e-05 0.0443957 -0.024 
75.26 94.63 0.0448134 -2.0981e-05 0.0448134 -0.024 
75.18 94.63 0.044863 -2.0981e-05 0.044863 -0.024 
75.11 94.68 0.0448706 -2.0981e-05 0.0448706 -0.024 
75.04 94.63 0.0448725 -2.0981e-05 0.0448725 -0.024 
74.96 94.63 0.0448725 -2.0981e-05 0.0448725 -0.024 
74.88 94.63 0.0448668 -2.0981e-05 0.0448668 -0.024 
74.8 94.63 0.0448668 -2.0981e-05 0.0448668 -0.024 
74.72 94.63 0.0448668 -2.0981e-05 0.0448668 -0.024 
74.65 94.18 0.044863 -2.0981e-05 0.044863 -0.024 
74.57 94.18 0.0448534 -2.0981e-05 0.0448534 -0.024 
74.49 94.18 0.0448515 -2.0981e-05 0.0448515 -0.024 
74.42 93.74 0.0448477 -2.0981e-05 0.0448477 -0.024 
74.35 93.74 0.0448496 -2.0981e-05 0.0448496 -0.024 
74.27 93.74 0.0448477 -2.0981e-05 0.0448477 -0.024 
74.19 93.3 0.0448439 -2.0981e-05 0.0448439 -0.024 
74.11 93.3 0.0448401 -2.0981e-05 0.0448401 -0.024 
74.04 93.3 0.0448363 -2.0981e-05 0.0448363 -0.024 
73.96 93.3 0.0448306 -2.0981e-05 0.0448306 -0.024 
73.89 93.12 0.0448267 -2.0981e-05 0.0448267 -0.024 
73.81 92.9 0.0448248 -2.0981e-05 0.0448248 -0.024 
73.74 93.08 0.044821 -2.0981e-05 0.044821 -0.024 
73.67 92.86 0.0448172 -2.0981e-05 0.0448172 -0.024 
73.59 93.08 0.0448134 -2.0981e-05 0.0448134 -0.024 
73.51 93.3 0.0448115 -2.0981e-05 0.0448115 -0.024 
73.44 93.3 0.0448077 -2.0981e-05 0.0448077 -0.024 
73.36 93.3 0.0448039 -2.0981e-05 0.0448039 -0.024 
73.28 93.3 0.0448039 -2.0981e-05 0.0448039 -0.024 
73.21 93.3 0.0448039 -2.0981e-05 0.0448039 -0.024 
73.13 93.3 0.044802 -2.0981e-05 0.044802 -0.024 
101.0 93.3 0.0448 -2.0981e-05 0.0448 -0.024 
72.98 93.3 0.0447962 -2.0981e-05 0.0447962 -0.024 
101.0 93.3 0.0447924 -2.0981e-05 0.0447924 -0.024 
72.83 93.3 0.0447867 -2.0981e-05 0.0447867 -0.024 
72.77 92.86 0.044781 -2.0981e-05 0.044781 -0.024 
101.0 92.86 0.044781 -2.0981e-05 0.044781 -0.024 
72.61 92.46 0.044781 -2.0981e-05 0.044781 -0.024 
72.53 92.42 0.0447772 -2.0981e-05 0.0447772 -0.024 
72.46 92.42 0.0447752 -2.0981e-05 0.0447752 -0.024 
72.39 91.98 0.0447733 -2.0981e-05 0.0447733 -0.024 
72.31 91.98 0.0447695 -2.0981e-05 0.0447695 -0.024 
72.24 91.98 0.0447676 -2.0981e-05 0.0447676 -0.024 
72.16 91.98 0.0447638 -2.0981e-05 0.0447638 -0.024 
72.09 91.98 0.04476 -2.0981e-05 0.04476 -0.024 
72.02 91.98 0.0447505 -2.0981e-05 0.0447505 -0.024 
71.94 91.98 0.0447447 -2.0981e-05 0.0447447 -0.024 
71.86 92.2 0.0447466 -2.0981e-05 0.0447466 -0.024 
71.79 92.42 0.0447466 -2.0981e-05 0.0447466 -0.024 
71.72 92.42 0.0447428 -2.0981e-05 0.0447428 -0.024 
71.64 92.42 0.044699 -2.0981e-05 0.044699 -0.024 
71.57 92.42 0.0447009 -2.0981e-05 0.0447009 -0.024 
71.5 92.38 0.0447066 -2.0981e-05 0.0447066 -0.024 
71.42 91.98 0.0447047 -2.0981e-05 0.0447047 -0.024 
71.35 91.98 0.0447028 -2.0981e-05 0.0447028 -0.024 
71.27 91.98 0.044699 -2.0981e-05 0.044699 -0.024 
71.19 91.98 0.0446913 -2.0981e-05 0.0446913 -0.024 
71.12 91.98 0.0446818 -2.0981e-05 0.0446818 -0.024 
71.05 91.98 0.0446684 -2.0981e-05 0.0446684 -0.024 
70.98 91.98 0.0446646 -2.0981e-05 0.0446646 -0.024 
70.9 91.55 0.0446646 -2.0981e-05 0.0446646 -0.024 
70.83 91.55 0.0446627 -2.0981e-05 0.0446627 -0.024 
70.76 91.55 0.0446646 -2.0981e-05 0.0446646 -0.024 
70.68 91.55 0.0446589 -2.0981e-05 0.0446589 -0.024 
70.61 91.55 0.0446551 -2.0981e-05 0.0446551 -0.024 
70.53 91.55 0.0446532 -2.0981e-05 0.0446532 -0.024 
70.46 91.55 0.0446494 -2.0981e-05 0.0446494 -0.024 
70.39 91.16 0.0446475 -2.0981e-05 0.0446475 -0.024 
70.31 91.12 0.0446436 -2.0981e-05 0.0446436 -0.024 
70.23 91.12 0.0446417 -2.0981e-05 0.0446417 -0.024 
70.16 91.12 0.0446475 -2.0981e-05 0.0446475 -0.024 
70.09 91.12 0.0446532 -2.0981e-05 0.0446532 -0.024 
70.01 91.12 0.0446513 -2.0981e-05 0.0446513 -0.024 
69.94 91.12 0.0446494 -2.0981e-05 0.0446494 -0.024 
69.87 91.12 0.044636 -2.0981e-05 0.044636 -0.024 
69.8 91.12 0.0446284 -2.0981e-05 0.0446284 -0.024 
69.73 90.95 0.0446341 -2.0981e-05 0.0446341 -0.024 
69.65 90.69 0.0446341 -2.0981e-05 0.0446341 -0.024 
69.58 90.69 0.0446303 -2.0981e-05 0.0446303 -0.024 
69.5 90.69 0.0446284 -2.0981e-05 0.0446284 -0.024 
69.43 90.69 0.0446284 -2.0981e-05 0.0446284 -0.024 
69.36 90.43 0.0446341 -2.0981e-05 0.0446341 -0.024 
69.29 90.26 0.0446322 -2.0981e-05 0.0446322 -0.024 
69.21 90.26 0.0446303 -2.0981e-05 0.0446303 -0.024 
69.15 89.84 0.0446284 -2.0981e-05 0.0446284 -0.024 
69.07 89.84 0.0446246 -2.0981e-05 0.0446246 -0.024 
68.99 89.84 0.0446208 -2.0981e-05 0.0446208 -0.024 
68.92 89.41 0.0446188 -2.0981e-05 0.0446188 -0.024 
68.85 89.41 0.044615 -2.0981e-05 0.044615 -0.024 
68.78 89.41 0.0446093 -2.0981e-05 0.0446093 -0.024 
68.71 89.41 0.0446074 -2.0981e-05 0.0446074 -0.024 
68.63 89.41 0.0446074 -2.0981e-05 0.0446074 -0.024 
68.57 89.46 0.0446017 -2.0981e-05 0.0446017 -0.024 
1.0 89.41 0.044596 -2.0981e-05 0.044596 -0.024 
68.42 89.41 0.044594 -2.0981e-05 0.044594 -0.024 
68.35 89.41 0.0445921 -2.0981e-05 0.0445921 -0.024 
68.28 89.24 0.0445921 -2.0981e-05 0.0445921 -0.024 
68.21 89.41 0.0445902 -2.0981e-05 0.0445902 -0.024 
68.14 89.41 0.0445883 -2.0981e-05 0.0445883 -0.024 
68.07 89.41 0.0445864 -2.0981e-05 0.0445864 -0.024 
67.99 89.41 0.0445826 -2.0981e-05 0.0445826 -0.024 
67.92 89.41 0.0445788 -2.0981e-05 0.0445788 -0.024 
67.86 89.24 0.044575 -2.0981e-05 0.044575 -0.024 
67.78 88.99 0.0445731 -2.0981e-05 0.0445731 -0.024 
67.71 88.99 0.0445693 -2.0981e-05 0.0445693 -0.024 
67.64 88.99 0.0445654 -2.0981e-05 0.0445654 -0.024 
67.58 88.99 0.0445635 -2.0981e-05 0.0445635 -0.024 
67.5 88.99 0.0445616 -2.0981e-05 0.0445616 -0.024 
67.43 88.99 0.0445578 -2.0981e-05 0.0445578 -0.024 
67.35 88.99 0.044554 -2.0981e-05 0.044554 -0.024 
67.28 88.57 0.0445502 -2.0981e-05 0.0445502 -0.024 
67.22 88.57 0.0445483 -2.0981e-05 0.0445483 -0.024 
67.15 88.57 0.0445445 -2.0981e-05 0.0445445 -0.024 
67.08 88.57 0.0445426 -2.0981e-05 0.0445426 -0.024 
67.0 88.2 0.0445387 -2.0981e-05 0.0445387 -0.024 
66.93 88.16 0.0445368 -2.0981e-05 0.0445368 -0.024 
66.86 88.16 0.044533 -2.0981e-05 0.044533 -0.024 
66.79 88.16 0.0445292 -2.0981e-05 0.0445292 -0.024 
66.72 88.16 0.0445197 -2.0981e-05 0.0445197 -0.024 
66.65 88.16 0.0445158 -2.0981e-05 0.0445158 -0.024 
66.58 88.16 0.0445139 -2.0981e-05 0.0445139 -0.024 
66.51 88.16 0.044512 -2.0981e-05 0.044512 -0.024 
66.44 88.16 0.0445101 -2.0981e-05 0.0445101 -0.024 
66.37 88.16 0.0445101 -2.0981e-05 0.0445101 -0.024 
66.3 88.16 0.0445063 -2.0981e-05 0.0445063 -0.024 
101.0 88.16 0.0445025 -2.0981e-05 0.0445025 -0.024 
66.16 88.16 0.0445006 -2.0981e-05 0.0445006 -0.024 
66.09 88.16 0.0444968 -2.0981e-05 0.0444968 -0.024 
66.02 88.16 0.0444949 -2.0981e-05 0.0444949 -0.024 
65.95 87.78 0.0444911 -2.0981e-05 0.0444911 -0.024 
65.88 87.74 0.0444853 -2.0981e-05 0.0444853 -0.024 
65.81 87.74 0.0444834 -2.0981e-05 0.0444834 -0.024 
65.73 87.74 0.0444815 -2.0981e-05 0.0444815 -0.024 
65.66 87.49 0.0444777 -2.0981e-05 0.0444777 -0.024 
65.6 87.33 0.0444701 -2.0981e-05 0.0444701 -0.024 
65.53 87.33 0.0444682 -2.0981e-05 0.0444682 -0.024 
65.45 87.33 0.0444643 -2.0981e-05 0.0444643 -0.024 
65.38 86.92 0.0444624 -2.0981e-05 0.0444624 -0.024 
65.32 86.92 0.0444586 -2.0981e-05 0.0444586 -0.024 
65.25 86.92 0.0444548 -2.0981e-05 0.0444548 -0.024 
65.18 86.92 0.0444548 -2.0981e-05 0.0444548 -0.024 
65.1 86.92 0.044451 -2.0981e-05 0.044451 -0.024 
65.03 86.92 0.0444472 -2.0981e-05 0.0444472 -0.024 
64.96 86.92 0.0444453 -2.0981e-05 0.0444453 -0.024 
64.89 86.92 0.0444434 -2.0981e-05 0.0444434 -0.024 
64.83 86.92 0.0444396 -2.0981e-05 0.0444396 -0.024 
64.75 86.92 0.0444357 -2.0981e-05 0.0444357 -0.024 
64.69 86.92 0.0444319 -2.0981e-05 0.0444319 -0.024 
64.61 86.55 0.04443 -2.0981e-05 0.04443 -0.024 
64.54 86.67 0.0444281 -2.0981e-05 0.0444281 -0.024 
64.47 86.5 0.0444243 -2.0981e-05 0.0444243 -0.024 
64.4 86.5 0.0444167 -2.0981e-05 0.0444167 -0.024 
64.34 86.5 0.0444071 -2.0981e-05 0.0444071 -0.024 
64.26 86.5 0.0444109 -2.0981e-05 0.0444109 -0.024 
64.19 86.5 0.044409 -2.0981e-05 0.044409 -0.024 
64.12 86.5 0.0444071 -2.0981e-05 0.0444071 -0.024 
64.06 86.5 0.0444033 -2.0981e-05 0.0444033 -0.024 
63.99 86.5 0.0444014 -2.0981e-05 0.0444014 -0.024 
63.92 86.5 0.0443976 -2.0981e-05 0.0443976 -0.024 
63.85 86.5 0.0443938 -2.0981e-05 0.0443938 -0.024 
63.78 86.14 0.04439 -2.0981e-05 0.04439 -0.024 
63.71 86.1 0.04439 -2.0981e-05 0.04439 -0.024 
63.63 86.1 0.0443842 -2.0981e-05 0.0443842 -0.024 
63.57 86.1 0.0443804 -2.0981e-05 0.0443804 -0.024 
63.49 86.1 0.0443766 -2.0981e-05 0.0443766 -0.024 
63.43 85.77 0.0443728 -2.0981e-05 0.0443728 -0.024 
63.36 85.69 0.044369 -2.0981e-05 0.044369 -0.024 
63.29 85.69 0.0443633 -2.0981e-05 0.0443633 -0.024 
63.21 85.69 0.0443518 -2.0981e-05 0.0443518 -0.024 
63.15 85.29 0.0443518 -2.0981e-05 0.0443518 -0.024 
63.08 85.29 0.0443499 -1.90736e-05 0.0443499 -0.024 
63.01 85.29 0.0443461 -2.0981e-05 0.0443461 -0.024 
62.93 84.89 0.044348 -2.0981e-05 0.044348 -0.024 
62.87 84.89 0.044348 -2.0981e-05 0.044348 -0.024 
62.8 84.89 0.0443423 -2.0981e-05 0.0443423 -0.024 
62.73 84.45 0.0443385 -1.90736e-05 0.0443385 -0.024 
62.66 84.45 0.0443366 -1.90736e-05 0.0443366 -0.024 
62.59 84.45 0.0443308 -1.90736e-05 0.0443308 -0.024 
62.53 84.45 0.044327 -1.90736e-05 0.044327 -0.024 
62.46 84.45 0.0443232 -1.90736e-05 0.0443232 -0.024 
62.39 84.45 0.0443213 -1.90736e-05 0.0443213 -0.024 
62.32 84.45 0.0443175 -1.90736e-05 0.0443175 -0.024 
62.25 84.41 0.0443137 -1.90736e-05 0.0443137 -0.024 
62.18 84.05 0.0443118 -1.90736e-05 0.0443118 -0.024 
62.11 84.05 0.044306 -1.90736e-05 0.044306 -0.024 
62.04 84.05 0.0443022 -1.90736e-05 0.0443022 -0.024 
101.0 84.05 0.0442984 -1.90736e-05 0.0442984 -0.024 
61.91 84.05 0.0442965 -1.90736e-05 0.0442965 -0.024 
61.84 84.05 0.0442927 -1.90736e-05 0.0442927 -0.024 
61.77 84.45 0.0442946 -1.90736e-05 0.0442946 -0.024 
61.7 84.45 0.0442927 -1.90736e-05 0.0442927 -0.024 
61.63 84.45 0.0442908 -1.90736e-05 0.0442908 -0.024 
61.57 84.45 0.0442851 -1.90736e-05 0.0442851 -0.024 
61.5 84.45 0.0442851 -1.90736e-05 0.0442851 -0.024 
61.43 84.45 0.0442812 -1.90736e-05 0.0442812 -0.024 
61.36 84.05 0.0442793 -1.90736e-05 0.0442793 -0.024 
61.29 84.05 0.0442736 -1.90736e-05 0.0442736 -0.024 
61.23 84.05 0.0442717 -1.90736e-05 0.0442717 -0.024 
61.16 83.65 0.0442698 -1.90736e-05 0.0442698 -0.024 
61.09 83.65 0.044266 -1.90736e-05 0.044266 -0.024 
61.02 83.26 0.0442622 -1.90736e-05 0.0442622 -0.024 
60.96 83.26 0.0442603 -1.90736e-05 0.0442603 -0.024 
60.89 83.26 0.0442584 -1.90736e-05 0.0442584 -0.024 
60.81 83.26 0.0442545 -1.90736e-05 0.0442545 -0.024 
60.74 83.26 0.0442526 -1.90736e-05 0.0442526 -0.024 
60.68 83.26 0.0442488 -1.90736e-05 0.0442488 -0.024 
60.61 83.26 0.044245 -1.90736e-05 0.044245 -0.024 
60.55 83.26 0.0442431 -1.90736e-05 0.0442431 -0.024 
60.47 83.26 0.0442393 -1.90736e-05 0.0442393 -0.024 
60.41 83.3 0.0442374 -1.90736e-05 0.0442374 -0.024 
60.34 83.65 0.0442336 -1.90736e-05 0.0442336 -0.024 
60.27 83.65 0.0442317 -1.90736e-05 0.0442317 -0.024 
60.2 83.26 0.0442278 -1.90736e-05 0.0442278 -0.024 
60.13 83.26 0.0442221 -1.90736e-05 0.0442221 -0.024 
60.07 83.26 0.0442183 -1.90736e-05 0.0442183 -0.024 
1.0 82.87 0.0442164 -1.90736e-05 0.0442164 -0.024 
59.93 82.87 0.0442145 -1.90736e-05 0.0442145 -0.024 
59.86 82.87 0.0442107 -1.90736e-05 0.0442107 -0.024 
59.8 82.87 0.0442069 -1.90736e-05 0.0442069 -0.024 
59.73 82.48 0.044205 -1.90736e-05 0.044205 -0.024 
59.66 82.48 0.0442011 -1.90736e-05 0.0442011 -0.024 
59.59 82.13 0.0441992 -1.90736e-05 0.0441992 -0.024 
59.52 82.09 0.0441935 -1.90736e-05 0.0441935 -0.024 
59.46 82.09 0.0441916 -1.90736e-05 0.0441916 -0.024 
59.39 82.09 0.0441897 -1.90736e-05 0.0441897 -0.024 
59.32 82.09 0.044184 -1.90736e-05 0.044184 -0.024 
59.25 81.93 0.0441821 -1.90736e-05 0.0441821 -0.024 
59.19 81.74 0.0441802 -1.90736e-05 0.0441802 -0.024 
59.12 81.78 0.0441782 -1.90736e-05 0.0441782 -0.024 
59.05 82.13 0.0441744 -1.90736e-05 0.0441744 -0.024 
58.98 82.09 0.0441725 -1.90736e-05 0.0441725 -0.024 
58.91 82.09 0.0441687 -1.90736e-05 0.0441687 -0.024 
58.85 82.09 0.0441668 -1.90736e-05 0.0441668 -0.024 
58.78 82.09 0.044163 -1.90736e-05 0.044163 -0.024 
58.71 82.09 0.0441611 -1.90736e-05 0.0441611 -0.024 
58.64 82.09 0.0441573 -1.90736e-05 0.0441573 -0.024 
58.58 82.09 0.0441554 -1.90736e-05 0.0441554 -0.024 
58.51 82.09 0.0441535 -1.90736e-05 0.0441535 -0.024 
58.44 82.09 0.0441496 -1.90736e-05 0.0441496 -0.024 
58.37 82.09 0.0441458 -1.90736e-05 0.0441458 -0.024 
58.3 82.09 0.044142 -1.90736e-05 0.044142 -0.024 
58.24 81.86 0.0441401 -1.90736e-05 0.0441401 -0.024 
58.17 81.7 0.0441363 -1.90736e-05 0.0441363 -0.024 
58.1 81.7 0.0441325 -1.90736e-05 0.0441325 -0.024 
58.04 81.7 0.0441287 -1.90736e-05 0.0441287 -0.024 
57.97 81.7 0.0441267 -1.90736e-05 0.0441267 -0.024 
57.9 81.55 0.0441248 -1.90736e-05 0.0441248 -0.024 
57.83 81.32 0.044121 -1.90736e-05 0.044121 -0.024 
57.76 81.32 0.0441172 -1.90736e-05 0.0441172 -0.024 
57.69 81.32 0.0441134 -1.90736e-05 0.0441134 -0.024 
57.63 81.01 0.0441115 -1.90736e-05 0.0441115 -0.024 
57.56 80.93 0.0441077 -1.90736e-05 0.0441077 -0.024 
57.49 80.93 0.0441039 -1.90736e-05 0.0441039 -0.024 
57.42 80.93 0.0441 -1.90736e-05 0.0441 -0.024 
57.36 80.55 0.0440981 -1.90736e-05 0.0440981 -0.024 
57.29 80.55 0.0440943 -1.90736e-05 0.0440943 -0.024 
57.22 80.55 0.0440924 -1.90736e-05 0.0440924 -0.024 
57.15 80.55 0.0440886 -1.90736e-05 0.0440886 -0.024 
57.08 80.55 0.0440867 -1.90736e-05 0.0440867 -0.024 
57.01 80.55 0.0440829 -1.90736e-05 0.0440829 -0.024 
56.95 80.55 0.0440791 -1.90736e-05 0.0440791 -0.024 
56.88 80.55 0.0440753 -1.90736e-05 0.0440753 -0.024 
56.81 80.55 0.0440733 -1.90736e-05 0.0440733 -0.024 
56.75 80.55 0.0440695 -1.90736e-05 0.0440695 -0.024 
56.67 80.55 0.0440657 -1.90736e-05 0.0440657 -0.024 
56.6 80.55 0.0440619 -1.90736e-05 0.0440619 -0.024 
56.54 80.55 0.04406 -1.90736e-05 0.04406 -0.024 
101.0 80.17 0.0440581 -1.90736e-05 0.0440581 -0.024 
56.4 80.02 0.0440543 -1.90736e-05 0.0440543 -0.024 
56.34 79.79 0.0440505 -1.90736e-05 0.0440505 -0.024 
56.27 79.64 0.0440466 -1.90736e-05 0.0440466 -0.024 
56.2 79.42 0.0440447 -1.90736e-05 0.0440447 -0.024 
56.14 79.42 0.044039 -1.90736e-05 0.044039 -0.024 
56.07 79.42 0.0440352 -1.90736e-05 0.0440352 -0.024 
56.0 79.42 0.0440333 -1.90736e-05 0.0440333 -0.024 
55.93 79.79 0.0440314 -1.90736e-05 0.0440314 -0.024 
55.86 79.79 0.0440276 -1.90736e-05 0.0440276 -0.024 
55.8 79.79 0.0440238 -1.90736e-05 0.0440238 -0.024 
55.73 79.79 0.0440218 -1.90736e-05 0.0440218 -0.024 
55.66 79.79 0.044018 -1.90736e-05 0.044018 -0.024 
55.6 79.42 0.0440161 -1.90736e-05 0.0440161 -0.024 
55.53 79.12 0.0440123 -1.90736e-05 0.0440123 -0.024 
55.47 79.04 0.0440085 -1.90736e-05 0.0440085 -0.024 
55.4 79.04 0.0440085 -1.90736e-05 0.0440085 -0.024 
55.33 78.67 0.0440047 -1.90736e-05 0.0440047 -0.024 
55.26 78.67 0.0440009 -1.90736e-05 0.0440009 -0.024 
55.2 78.67 0.0439951 -1.90736e-05 0.0439951 -0.024 
55.13 78.67 0.0439932 -1.90736e-05 0.0439932 -0.024 
55.06 79.04 0.0439894 -1.90736e-05 0.0439894 -0.024 
54.99 79.04 0.0439856 -1.90736e-05 0.0439856 -0.024 
54.93 79.04 0.0439837 -1.90736e-05 0.0439837 -0.024 
54.86 79.04 0.0439818 -1.90736e-05 0.0439818 -0.024 
54.79 79.04 0.043978 -1.90736e-05 0.043978 -0.024 
54.72 79.04 0.0439742 -1.90736e-05 0.0439742 -0.024 
54.66 79.04 0.0439703 -1.90736e-05 0.0439703 -0.024 
54.59 79.04 0.0439684 -1.90736e-05 0.0439684 -0.024 
54.52 78.67 0.0439646 -1.90736e-05 0.0439646 -0.024 
54.45 78.67 0.0439608 -1.90736e-05 0.0439608 -0.024 
54.38 78.67 0.043957 -1.90736e-05 0.043957 -0.024 
54.32 78.3 0.0439551 -1.90736e-05 0.0439551 -0.024 
54.25 78.3 0.0439513 -1.90736e-05 0.0439513 -0.024 
54.18 77.93 0.0439475 -1.90736e-05 0.0439475 -0.024 
54.11 77.93 0.0439436 -1.90736e-05 0.0439436 -0.024 
54.05 77.93 0.0439417 -1.90736e-05 0.0439417 -0.024 
53.98 77.6 0.0439398 -1.90736e-05 0.0439398 -0.024 
53.91 77.57 0.043936 -1.90736e-05 0.043936 -0.024 
53.84 77.57 0.0439322 -1.90736e-05 0.0439322 -0.024 
53.78 77.57 0.0439303 -1.90736e-05 0.0439303 -0.024 
53.72 77.57 0.0439284 -1.90736e-05 0.0439284 -0.024 
1.0 77.57 0.0439246 -1.90736e-05 0.0439246 -0.024 
53.57 77.57 0.0439208 -1.90736e-05 0.0439208 -0.024 
53.51 77.86 0.0439169 -1.90736e-05 0.0439169 -0.024 
53.45 77.93 0.043915 -1.90736e-05 0.043915 -0.024 
53.38 77.93 0.0439112 -1.90736e-05 0.0439112 -0.024 
53.31 77.93 0.0439093 -1.90736e-05 0.0439093 -0.024 
53.24 77.93 0.0439055 -1.90736e-05 0.0439055 -0.024 
53.18 77.93 0.0439017 -1.90736e-05 0.0439017 -0.024 
53.11 77.93 0.0438998 -1.90736e-05 0.0438998 -0.024 
53.04 77.79 0.043896 -1.90736e-05 0.043896 -0.024 
52.97 77.57 0.0438921 -1.90736e-05 0.0438921 -0.024 
52.9 77.57 0.0438883 -1.90736e-05 0.0438883 -0.024 
52.83 77.57 0.0438864 -1.90736e-05 0.0438864 -0.024 
52.77 77.57 0.0438826 -1.90736e-05 0.0438826 -0.024 
52.7 77.35 0.0438788 -1.90736e-05 0.0438788 -0.024 
52.63 77.2 0.043875 -1.90736e-05 0.043875 -0.024 
52.57 77.2 0.043875 -1.90736e-05 0.043875 -0.024 
52.49 77.2 0.0438712 -1.90736e-05 0.0438712 -0.024 
52.42 77.16 0.0438673 -1.90736e-05 0.0438673 -0.024 
52.36 76.84 0.0438635 -1.90736e-05 0.0438635 -0.024 
52.29 76.84 0.0438616 -1.90736e-05 0.0438616 -0.024 
52.22 76.84 0.0438578 -1.90736e-05 0.0438578 -0.024 
52.15 76.84 0.043854 -1.90736e-05 0.043854 -0.024 
52.08 76.84 0.0438502 -1.90736e-05 0.0438502 -0.024 
52.01 76.47 0.0438483 -1.90736e-05 0.0438483 -0.024 
51.95 76.47 0.0438445 -1.90736e-05 0.0438445 -0.024 
51.88 76.47 0.0438406 -1.90736e-05 0.0438406 -0.024 
51.82 76.47 0.0438368 -1.90736e-05 0.0438368 -0.024 
51.75 76.47 0.0438349 -1.90736e-05 0.0438349 -0.024 
51.68 76.33 0.0438311 -1.90736e-05 0.0438311 -0.024 
51.61 76.15 0.0438273 -1.90736e-05 0.0438273 -0.024 
51.54 76.11 0.0438235 -1.90736e-05 0.0438235 -0.024 
51.47 76.11 0.0438235 -1.90736e-05 0.0438235 -0.024 
51.4 76.11 0.0438178 -1.90736e-05 0.0438178 -0.024 
51.34 76.11 0.0438159 -1.90736e-05 0.0438159 -0.024 
51.27 76.11 0.043812 -1.90736e-05 0.043812 -0.024 
51.2 76.11 0.0438101 -1.90736e-05 0.0438101 -0.024 
51.13 75.76 0.0438063 -1.90736e-05 0.0438063 -0.024 
51.06 75.76 0.0438025 -1.90736e-05 0.0438025 -0.024 
51.0 75.61 0.0437987 -1.90736e-05 0.0437987 -0.024 
50.93 75.36 0.0437968 -1.90736e-05 0.0437968 -0.024 
50.86 75.36 0.043793 -1.90736e-05 0.043793 -0.024 
50.79 75.36 0.0437891 -1.90736e-05 0.0437891 -0.024 
50.73 75.01 0.0437853 -1.90736e-05 0.0437853 -0.024 
50.66 75.01 0.0437834 -1.90736e-05 0.0437834 -0.024 
50.59 75.01 0.0437796 -1.90736e-05 0.0437796 -0.024 
50.52 75.01 0.0437758 -1.90736e-05 0.0437758 -0.024 
50.45 75.36 0.043772 -1.90736e-05 0.043772 -0.024 
50.39 75.36 0.0437701 -1.90736e-05 0.0437701 -0.024 
50.32 75.36 0.0437663 -1.90736e-05 0.0437663 -0.024 
50.25 75.36 0.0437624 -1.90736e-05 0.0437624 -0.024 
50.18 75.36 0.0437586 -1.90736e-05 0.0437586 -0.024 
50.12 75.36 0.0437567 -1.90736e-05 0.0437567 -0.024 
50.05 75.36 0.0437529 -1.90736e-05 0.0437529 -0.024 
49.98 75.36 0.0437491 -1.90736e-05 0.0437491 -0.024 
49.91 75.36 0.0437453 -1.90736e-05 0.0437453 -0.024 
49.84 75.22 0.0437434 -1.90736e-05 0.0437434 -0.024 
49.78 75.01 0.0437396 -1.90736e-05 0.0437396 -0.024 
49.71 75.01 0.0437357 -1.90736e-05 0.0437357 -0.024 
49.64 75.01 0.0437319 -1.90736e-05 0.0437319 -0.024 
49.57 75.01 0.04373 -1.90736e-05 0.04373 -0.024 
49.5 74.66 0.0437281 -1.90736e-05 0.0437281 -0.024 
1.0 74.66 0.0437243 -1.90736e-05 0.0437243 -0.024 
49.37 74.66 0.0437205 -1.90736e-05 0.0437205 -0.024 
49.3 74.66 0.0437167 -1.90736e-05 0.0437167 -0.024 
49.23 74.31 0.0437148 -1.90736e-05 0.0437148 -0.024 
49.16 74.31 0.0437109 -1.90736e-05 0.0437109 -0.024 
49.09 74.31 0.0437071 -1.90736e-05 0.0437071 -0.024 
49.02 73.96 0.0437033 -1.90736e-05 0.0437033 -0.024 
48.95 73.96 0.0437014 -1.90736e-05 0.0437014 -0.024 
48.89 73.68 0.0436976 -1.90736e-05 0.0436976 -0.024 
48.82 73.61 0.0436957 -1.90736e-05 0.0436957 -0.024 
48.75 73.61 0.0436919 -1.90736e-05 0.0436919 -0.024 
48.68 73.61 0.0436881 -1.90736e-05 0.0436881 -0.024 
48.61 73.61 0.0436842 -1.90736e-05 0.0436842 -0.024 
48.54 73.61 0.0436804 -1.90736e-05 0.0436804 -0.024 
48.47 73.61 0.0436785 -1.90736e-05 0.0436785 -0.024 
48.41 73.96 0.0436747 -1.90736e-05 0.0436747 -0.024 
48.34 73.96 0.0436709 -1.90736e-05 0.0436709 -0.024 
48.27 73.96 0.0436671 -1.90736e-05 0.0436671 -0.024 
48.2 73.96 0.0436652 -1.90736e-05 0.0436652 -0.024 
48.12 73.96 0.0436614 -1.90736e-05 0.0436614 -0.024 
48.05 73.96 0.0436575 -1.90736e-05 0.0436575 -0.024 
47.99 73.64 0.0436537 -1.90736e-05 0.0436537 -0.024 
47.92 73.61 0.0436518 -1.90736e-05 0.0436518 -0.024 
47.85 73.61 0.043648 -1.90736e-05 0.043648 -0.024 
47.78 73.61 0.0436461 -1.90736e-05 0.0436461 -0.024 
47.71 73.26 0.0436404 -1.90736e-05 0.0436404 -0.024 
47.65 73.26 0.0436385 -1.90736e-05 0.0436385 -0.024 
47.58 73.26 0.0436366 -1.90736e-05 0.0436366 -0.024 
47.5 73.26 0.0436327 -1.90736e-05 0.0436327 -0.024 
47.43 73.68 0.043627 -1.90736e-05 0.043627 -0.024 
47.37 72.92 0.0436251 -1.90736e-05 0.0436251 -0.024 
47.3 72.92 0.0436213 -1.90736e-05 0.0436213 -0.024 
47.23 72.92 0.0436175 -1.90736e-05 0.0436175 -0.024 
47.16 72.92 0.0436137 -1.90736e-05 0.0436137 -0.024 
47.09 72.57 0.0436118 -1.90736e-05 0.0436118 -0.024 
47.02 72.57 0.043608 -1.90736e-05 0.043608 -0.024 
46.95 72.57 0.0436041 -1.90736e-05 0.0436041 -0.024 
46.88 72.23 0.0435984 -1.90736e-05 0.0435984 -0.024 
46.8 72.23 0.0435984 -1.90736e-05 0.0435984 -0.024 
46.74 72.23 0.0435946 -1.90736e-05 0.0435946 -0.024 
46.66 71.89 0.0435908 -1.90736e-05 0.0435908 -0.024 
46.59 71.89 0.043587 -1.90736e-05 0.043587 -0.024 
46.52 71.89 0.0435851 -1.90736e-05 0.0435851 -0.024 
46.45 71.89 0.0435812 -1.90736e-05 0.0435812 -0.024 
46.39 71.89 0.0435774 -1.90736e-05 0.0435774 -0.024 
46.31 71.89 0.0435736 -1.90736e-05 0.0435736 -0.024 
46.24 71.89 0.0435717 -1.90736e-05 0.0435717 -0.024 
46.17 71.89 0.0435679 -1.90736e-05 0.0435679 -0.024 
46.1 71.89 0.0435622 -1.90736e-05 0.0435622 -0.024 
46.03 72.03 0.0435584 -1.90736e-05 0.0435584 -0.024 
45.96 71.89 0.0435565 -1.90736e-05 0.0435565 -0.024 
45.89 72.2 0.0435526 -1.90736e-05 0.0435526 -0.024 
45.82 71.89 0.0435488 -1.90736e-05 0.0435488 -0.024 
1.0 71.92 0.043545 -1.90736e-05 0.043545 -0.024 
45.68 71.89 0.043545 -1.90736e-05 0.043545 -0.024 
45.61 71.89 0.0435412 -1.90736e-05 0.0435412 -0.024 
45.53 71.89 0.0435355 -1.90736e-05 0.0435355 -0.024 
45.47 71.55 0.0435317 -1.90736e-05 0.0435317 -0.024 
1.0 71.28 0.0435297 -1.90736e-05 0.0435297 -0.024 
45.33 71.22 0.0435259 -1.90736e-05 0.0435259 -0.024 
45.26 71.22 0.0435221 -1.90736e-05 0.0435221 -0.024 
1.0 70.88 0.0435183 -1.90736e-05 0.0435183 -0.024 
45.12 70.88 0.0435164 -1.90736e-05 0.0435164 -0.024 
45.05 70.88 0.0435126 -1.90736e-05 0.0435126 -0.024 
44.97 70.88 0.0435088 -1.90736e-05 0.0435088 -0.024 
44.9 70.88 0.0435069 -1.71663e-05 0.0435069 -0.024 
44.84 70.88 0.043503 -1.71663e-05 0.043503 -0.024 
44.76 70.88 0.0434973 -1.71663e-05 0.0434973 -0.024 
44.69 70.88 0.0434935 -1.71663e-05 0.0434935 -0.024 
44.62 71.05 0.0434916 -1.71663e-05 0.0434916 -0.024 
44.55 71.22 0.0434878 -1.71663e-05 0.0434878 -0.024 
44.49 70.95 0.043484 -1.71663e-05 0.043484 -0.024 
44.41 70.88 0.0434802 -1.71663e-05 0.0434802 -0.024 
44.34 70.88 0.0434783 -1.71663e-05 0.0434783 -0.024 
44.26 70.88 0.0434744 -1.71663e-05 0.0434744 -0.024 
44.2 70.55 0.0434687 -1.71663e-05 0.0434687 -0.024 
44.12 70.25 0.0434668 -1.71663e-05 0.0434668 -0.024 
44.05 70.22 0.043463 -1.71663e-05 0.043463 -0.024 
43.98 69.89 0.0434592 -1.90736e-05 0.0434592 -0.024 
43.91 69.89 0.0434554 -1.71663e-05 0.0434554 -0.024 
43.84 69.89 0.0434535 -1.71663e-05 0.0434535 -0.024 
43.77 70.22 0.0434477 -1.71663e-05 0.0434477 -0.024 
43.7 70.22 0.0434439 -1.71663e-05 0.0434439 -0.024 
43.62 70.55 0.0434401 -1.71663e-05 0.0434401 -0.024 
43.56 70.22 0.0434382 -1.71663e-05 0.0434382 -0.024 
43.48 70.22 0.0434344 -1.71663e-05 0.0434344 -0.024 
43.4 69.59 0.0434287 -1.71663e-05 0.0434287 -0.024 
43.33 69.56 0.0434268 -1.71663e-05 0.0434268 -0.024 
43.27 69.42 0.0434229 -1.71663e-05 0.0434229 -0.024 
43.19 69.56 0.0434191 -1.71663e-05 0.0434191 -0.024 
101.0 69.89 0.0434153 -1.71663e-05 0.0434153 -0.024 
101.0 69.89 0.0434134 -1.71663e-05 0.0434134 -0.024 
42.98 69.89 0.0434096 -1.71663e-05 0.0434096 -0.024 
42.9 69.56 0.0434058 -1.71663e-05 0.0434058 -0.024 
42.83 69.23 0.043402 -1.71663e-05 0.043402 -0.024 
42.76 69.23 0.0434 -1.71663e-05 0.0434 -0.024 
42.68 68.9 0.0433943 -1.71663e-05 0.0433943 -0.024 
42.62 68.9 0.0433905 -1.71663e-05 0.0433905 -0.024 
42.54 69.03 0.0433867 -1.71663e-05 0.0433867 -0.024 
42.46 69.23 0.0433848 -1.71663e-05 0.0433848 -0.024 
42.39 69.23 0.043381 -1.71663e-05 0.043381 -0.024 
42.32 69.42 0.0433772 -1.71663e-05 0.0433772 -0.024 
42.25 69.23 0.0433733 -1.71663e-05 0.0433733 -0.024 
42.17 69.23 0.0433695 -1.71663e-05 0.0433695 -0.024 
42.1 68.9 0.0433657 -1.71663e-05 0.0433657 -0.024 
42.02 68.58 0.0433619 -1.71663e-05 0.0433619 -0.024 
41.95 68.58 0.04336 -1.71663e-05 0.04336 -0.024 
41.88 68.26 0.0433543 -1.71663e-05 0.0433543 -0.024 
41.8 68.58 0.0433505 -1.71663e-05 0.0433505 -0.024 
41.72 68.58 0.0433466 -1.71663e-05 0.0433466 -0.024 
41.66 68.77 0.0433428 -1.71663e-05 0.0433428 -0.024 
41.58 68.9 0.043339 -1.71663e-05 0.043339 -0.024 
41.5 68.77 0.0433352 -1.71663e-05 0.0433352 -0.024 
41.42 68.58 0.0433314 -1.71663e-05 0.0433314 -0.024 
41.35 68.26 0.0433276 -1.71663e-05 0.0433276 -0.024 
41.28 67.94 0.0433238 -1.71663e-05 0.0433238 -0.024 
41.21 67.94 0.0433218 -1.71663e-05 0.0433218 -0.024 
41.13 67.94 0.043318 -1.71663e-05 0.043318 -0.024 
41.06 67.94 0.0433123 -1.71663e-05 0.0433123 -0.024 
40.99 67.94 0.0433085 -1.71663e-05 0.0433085 -0.024 
40.92 68.26 0.0433047 -1.71663e-05 0.0433047 -0.024 
1.0 68.26 0.0433009 -1.71663e-05 0.0433009 -0.024 
40.76 67.94 0.0432971 -1.71663e-05 0.0432971 -0.024 
1.0 67.94 0.0432951 -1.71663e-05 0.0432951 -0.024 
40.62 67.62 0.0432894 -1.71663e-05 0.0432894 -0.024 
40.54 67.3 0.0432856 -1.71663e-05 0.0432856 -0.024 
40.46 67.3 0.0432818 -1.71663e-05 0.0432818 -0.024 
40.39 67.3 0.0432799 -1.71663e-05 0.0432799 -0.024 
40.32 67.3 0.0432742 -1.71663e-05 0.0432742 -0.024 
40.24 67.3 0.0432684 -1.71663e-05 0.0432684 -0.024 
40.16 67.62 0.0432665 -1.71663e-05 0.0432665 -0.024 
40.09 67.62 0.0432646 -1.71663e-05 0.0432646 -0.024 
40.01 67.62 0.0432589 -1.71663e-05 0.0432589 -0.024 
39.94 67.33 0.0432551 -1.71663e-05 0.0432551 -0.024 
39.87 67.3 0.0432513 -1.71663e-05 0.0432513 -0.024 
39.79 66.95 0.0432475 -1.71663e-05 0.0432475 -0.024 
39.71 66.63 0.0432436 -1.71663e-05 0.0432436 -0.024 
39.64 66.63 0.0432417 -1.71663e-05 0.0432417 -0.024 
39.56 66.6 0.043236 -1.71663e-05 0.043236 -0.024 
39.49 66.63 0.0432322 -1.71663e-05 0.0432322 -0.024 
101.0 66.63 0.0432284 -1.71663e-05 0.0432284 -0.024 
39.33 66.95 0.0432246 -1.71663e-05 0.0432246 -0.024 
39.26 66.95 0.0432208 -1.71663e-05 0.0432208 -0.024 
39.18 66.95 0.0432169 -1.71663e-05 0.0432169 -0.024 
39.1 66.63 0.0432131 -1.71663e-05 0.0432131 -0.024 
39.03 66.51 0.0432093 -1.71663e-05 0.0432093 -0.024 
38.96 66.32 0.0432036 -1.71663e-05 0.0432036 -0.024 
38.88 66.01 0.0431998 -1.71663e-05 0.0431998 -0.024 
38.8 65.7 0.043196 -1.71663e-05 0.043196 -0.024 
38.72 65.98 0.0431921 -1.71663e-05 0.0431921 -0.024 
38.65 66.01 0.0431883 -1.71663e-05 0.0431883 -0.024 
38.57 66.01 0.0431845 -1.71663e-05 0.0431845 -0.024 
38.49 66.32 0.0431807 -1.71663e-05 0.0431807 -0.024 
38.41 66.01 0.0431769 -1.71663e-05 0.0431769 -0.024 
38.33 66.01 0.043175 -1.71663e-05 0.043175 -0.024 
38.26 65.45 0.0431693 -1.71663e-05 0.0431693 -0.024 
38.18 65.39 0.0431635 -1.71663e-05 0.0431635 -0.024 
38.1 65.08 0.0431616 -1.71663e-05 0.0431616 -0.024 
38.02 65.08 0.0431559 -1.71663e-05 0.0431559 -0.024 
37.95 65.36 0.0431521 -1.71663e-05 0.0431521 -0.024 
37.87 65.39 0.0431502 -1.71663e-05 0.0431502 -0.024 
37.79 65.39 0.0431426 -1.71663e-05 0.0431426 -0.024 
37.71 65.51 0.0431368 -1.71663e-05 0.0431368 -0.024 
37.63 65.39 0.043133 -1.71663e-05 0.043133 -0.024 
37.56 65.14 0.0431292 -1.71663e-05 0.0431292 -0.024 
37.48 65.08 0.0431235 -1.71663e-05 0.0431235 -0.024 
37.4 64.78 0.0431197 -1.71663e-05 0.0431197 -0.024 
37.32 64.47 0.0431159 -1.71663e-05 0.0431159 -0.024 
37.24 64.47 0.0431101 -1.71663e-05 0.0431101 -0.024 
37.16 64.47 0.0431063 -1.71663e-05 0.0431063 -0.024 
37.09 64.47 0.0431025 -1.71663e-05 0.0431025 -0.024 
37.0 64.47 0.0430987 -1.71663e-05 0.0430987 -0.024 
36.92 64.47 0.0430949 -1.71663e-05 0.0430949 -0.024 
36.85 64.47 0.0430911 -1.71663e-05 0.0430911 -0.024 
36.77 64.47 0.0430853 -1.71663e-05 0.0430853 -0.024 
36.69 64.47 0.0430834 -1.71663e-05 0.0430834 -0.024 
36.61 64.47 0.0430796 -1.71663e-05 0.0430796 -0.024 
36.54 64.17 0.0430739 -1.71663e-05 0.0430739 -0.024 
36.46 63.87 0.0430701 -1.71663e-05 0.0430701 -0.024 
36.38 63.6 0.0430644 -1.71663e-05 0.0430644 -0.024 
36.3 63.57 0.0430605 -1.71663e-05 0.0430605 -0.024 
36.21 63.27 0.0430567 -1.71663e-05 0.0430567 -0.024 
36.14 63.27 0.0430529 -1.71663e-05 0.0430529 -0.024 
36.06 63.33 0.0430491 -1.71663e-05 0.0430491 -0.024 
35.98 63.57 0.0430453 -1.71663e-05 0.0430453 -0.024 
35.9 63.57 0.0430415 -1.71663e-05 0.0430415 -0.024 
35.82 63.57 0.0430357 -1.71663e-05 0.0430357 -0.024 
35.74 63.57 0.04303 -1.71663e-05 0.04303 -0.024 
35.66 63.27 0.0430281 -1.71663e-05 0.0430281 -0.024 
35.58 63.03 0.0430243 -1.71663e-05 0.0430243 -0.024 
35.5 62.73 0.0430167 -1.71663e-05 0.0430167 -0.024 
35.42 62.67 0.0430148 -1.71663e-05 0.0430148 -0.024 
35.34 62.38 0.043011 -1.71663e-05 0.043011 -0.024 
35.26 62.14 0.0430052 -1.71663e-05 0.0430052 -0.024 
35.17 62.32 0.0430014 -1.71663e-05 0.0430014 -0.024 
35.1 62.38 0.0429976 -1.71663e-05 0.0429976 -0.024 
35.02 62.38 0.0429938 -1.71663e-05 0.0429938 -0.024 
34.94 62.38 0.04299 -1.71663e-05 0.04299 -0.024 
34.85 62.38 0.0429862 -1.71663e-05 0.0429862 -0.024 
34.77 62.38 0.0429823 -1.71663e-05 0.0429823 -0.024 
34.69 61.97 0.0429785 -1.71663e-05 0.0429785 -0.024 
34.61 61.68 0.0429747 -1.71663e-05 0.0429747 -0.024 
34.53 61.48 0.042969 -1.71663e-05 0.042969 -0.024 
34.44 61.22 0.0429652 -1.71663e-05 0.0429652 -0.024 
34.37 61.22 0.0429614 -1.71663e-05 0.0429614 -0.024 
34.28 60.98 0.0429556 -1.71663e-05 0.0429556 -0.024 
34.2 61.22 0.0429518 -1.71663e-05 0.0429518 -0.024 
34.12 61.22 0.042948 -1.71663e-05 0.042948 -0.024 
34.04 61.22 0.0429423 -1.71663e-05 0.0429423 -0.024 
33.96 61.22 0.0429385 -1.71663e-05 0.0429385 -0.024 
33.88 61.22 0.0429366 -1.71663e-05 0.0429366 -0.024 
33.79 60.93 0.0429308 -1.71663e-05 0.0429308 -0.024 
33.71 60.64 0.0429251 -1.71663e-05 0.0429251 -0.024 
33.63 60.36 0.0429232 -1.71663e-05 0.0429232 -0.024 
33.55 60.07 0.0429175 -1.71663e-05 0.0429175 -0.024 
33.47 59.82 0.0429118 -1.71663e-05 0.0429118 -0.024 
33.38 59.76 0.0429099 -1.71663e-05 0.0429099 -0.024 
33.3 59.76 0.0429041 -1.71663e-05 0.0429041 -0.024 
33.22 59.76 0.0429041 -1.71663e-05 0.0429041 -0.024 
33.14 59.76 0.0429003 -1.71663e-05 0.0429003 -0.024 
33.05 59.93 0.0428965 -1.71663e-05 0.0428965 -0.024 
32.97 60.07 0.0428927 -1.71663e-05 0.0428927 -0.024 
32.89 59.76 0.042887 -1.71663e-05 0.042887 -0.024 
32.81 59.76 0.0428851 -1.71663e-05 0.0428851 -0.024 
32.73 59.48 0.0428832 -1.71663e-05 0.0428832 -0.024 
32.64 58.92 0.0428774 -1.71663e-05 0.0428774 -0.024 
32.57 59.2 0.0428717 -1.71663e-05 0.0428717 -0.024 
32.49 59.09 0.042866 -1.71663e-05 0.042866 -0.024 
32.4 59.45 0.0428584 -1.71663e-05 0.0428584 -0.024 
32.31 59.73 0.0428545 -1.71663e-05 0.0428545 -0.024 
32.22 59.76 0.0428488 -1.71663e-05 0.0428488 -0.024 
32.15 60.07 0.0428431 -1.71663e-05 0.0428431 -0.024 
32.06 60.07 0.0428393 -1.71663e-05 0.0428393 -0.024 
31.97 59.51 0.0428336 -1.71663e-05 0.0428336 -0.024 
31.89 58.92 0.0428298 -1.71663e-05 0.0428298 -0.024 
31.81 59.2 0.0428259 -1.71663e-05 0.0428259 -0.024 
31.72 59.2 0.0428202 -1.71663e-05 0.0428202 -0.024 
31.63 59.48 0.0428145 -1.71663e-05 0.0428145 -0.024 
31.54 59.48 0.0428088 -1.71663e-05 0.0428088 -0.024 
31.45 59.76 0.0428069 -1.71663e-05 0.0428069 -0.024 
31.36 59.48 0.042803 -1.71663e-05 0.042803 -0.024 
31.27 59.23 0.0427973 -1.71663e-05 0.0427973 -0.024 
31.18 58.92 0.0427935 -1.71663e-05 0.0427935 -0.024 
31.09 58.92 0.0427878 -1.71663e-05 0.0427878 -0.024 
31.01 58.65 0.042784 -1.71663e-05 0.042784 -0.024 
30.92 58.81 0.0427802 -1.71663e-05 0.0427802 -0.024 
30.82 59.2 0.0427763 -1.71663e-05 0.0427763 -0.024 
30.73 59.2 0.0427706 -1.71663e-05 0.0427706 -0.024 
30.63 58.92 0.0427668 -1.71663e-05 0.0427668 -0.024 
30.55 58.65 0.0427649 -1.71663e-05 0.0427649 -0.024 
30.46 58.37 0.0427611 -1.71663e-05 0.0427611 -0.024 
30.36 59.09 0.0427573 -1.71663e-05 0.0427573 -0.024 
30.27 58.37 0.0427535 -1.71663e-05 0.0427535 -0.024 
30.19 58.37 0.0427496 -1.71663e-05 0.0427496 -0.024 
30.09 58.65 0.0427458 -1.71663e-05 0.0427458 -0.024 
29.99 58.65 0.042742 -1.71663e-05 0.042742 -0.024 
29.9 58.4 0.0427401 -1.71663e-05 0.0427401 -0.024 
29.81 58.15 0.0427382 -1.71663e-05 0.0427382 -0.024 
29.71 57.82 0.0427344 -1.71663e-05 0.0427344 -0.024 
29.62 57.55 0.0427306 -1.71663e-05 0.0427306 -0.024 
29.52 57.55 0.0427268 -1.71663e-05 0.0427268 -0.024 
29.42 57.55 0.0427268 -1.71663e-05 0.0427268 -0.024 
29.33 57.55 0.0427229 -1.71663e-05 0.0427229 -0.024 
29.24 57.55 0.0427191 -1.71663e-05 0.0427191 -0.024 
29.15 57.55 0.0427153 -1.71663e-05 0.0427153 -0.024 
29.05 57.5 0.0427134 -1.71663e-05 0.0427134 -0.024 
28.97 57.55 0.0427115 -1.71663e-05 0.0427115 -0.024 
28.87 57.44 0.0427077 -1.71663e-05 0.0427077 -0.024 
28.78 57.28 0.0427039 -1.71663e-05 0.0427039 -0.024 
28.68 57.28 0.0427001 -1.71663e-05 0.0427001 -0.024 
28.58 57.01 0.0426981 -1.71663e-05 0.0426981 -0.024 
28.5 56.69 0.0426943 -1.71663e-05 0.0426943 -0.024 
28.4 56.48 0.0426924 -1.71663e-05 0.0426924 -0.024 
28.31 56.21 0.0426886 -1.71663e-05 0.0426886 -0.024 
28.21 56.21 0.0426867 -1.71663e-05 0.0426867 -0.024 
28.14 56.32 0.0426829 -1.71663e-05 0.0426829 -0.024 
28.03 56.61 0.0426791 -1.71663e-05 0.0426791 -0.024 
27.93 56.61 0.0426753 -1.71663e-05 0.0426753 -0.024 
27.84 56.48 0.0426733 -1.71663e-05 0.0426733 -0.024 
27.74 56.48 0.0426676 -1.71663e-05 0.0426676 -0.024 
27.65 56.21 0.0426638 -1.71663e-05 0.0426638 -0.024 
27.55 55.95 0.0426619 -1.71663e-05 0.0426619 -0.024 
27.45 55.69 0.0426581 -1.71663e-05 0.0426581 -0.024 
27.36 55.77 0.0426524 -1.71663e-05 0.0426524 -0.024 
27.26 55.48 0.0426486 -1.52589e-05 0.0426486 -0.018 
27.16 55.56 0.0426447 -1.71663e-05 0.0426447 -0.024 
27.07 55.69 0.0426409 -1.71663e-05 0.0426409 -0.024 
26.97 55.69 0.0426371 -1.71663e-05 0.0426371 -0.024 
26.88 55.69 0.0426352 -1.71663e-05 0.0426352 -0.024 
26.78 55.69 0.0426295 -1.71663e-05 0.0426295 -0.024 
26.68 55.69 0.0426257 -1.71663e-05 0.0426257 -0.024 
26.58 55.42 0.0426219 -1.52589e-05 0.0426219 -0.018 
26.48 55.16 0.0426161 -1.52589e-05 0.0426161 -0.018 
26.39 54.93 0.0426123 -1.71663e-05 0.0426123 -0.024 
26.29 54.8 0.0426085 -1.71663e-05 0.0426085 -0.024 
26.19 54.65 0.0426028 -1.52589e-05 0.0426028 -0.018 
26.09 54.39 0.042599 -1.52589e-05 0.042599 -0.018 
25.99 54.52 0.0425932 -1.52589e-05 0.0425932 -0.018 
25.9 54.16 0.0425875 -1.52589e-05 0.0425875 -0.018 
25.8 54.14 0.0425837 -1.52589e-05 0.0425837 -0.018 
25.69 54.39 0.042578 -1.52589e-05 0.042578 -0.018 
25.59 54.39 0.0425723 -1.52589e-05 0.0425723 -0.018 
25.51 54.39 0.0425684 -1.52589e-05 0.0425684 -0.018 
25.41 54.39 0.0425665 -1.52589e-05 0.0425665 -0.018 
25.3 54.39 0.0425608 -1.52589e-05 0.0425608 -0.018 
25.2 54.39 0.042557 -1.52589e-05 0.042557 -0.018 
25.11 54.14 0.0425532 -1.52589e-05 0.0425532 -0.018 
25.0 54.14 0.0425475 -1.52589e-05 0.0425475 -0.018 
24.9 53.88 0.0425456 -1.52589e-05 0.0425456 -0.018 
24.79 54.14 0.0425417 -1.52589e-05 0.0425417 -0.018 
24.69 54.16 0.0425417 -1.52589e-05 0.0425417 -0.018 
24.59 54.39 0.0425398 -1.52589e-05 0.0425398 -0.018 
24.48 54.65 0.042536 -1.52589e-05 0.042536 -0.018 
24.36 54.65 0.0425341 -1.52589e-05 0.0425341 -0.018 
24.25 54.75 0.0425322 -1.52589e-05 0.0425322 -0.018 
24.15 54.91 0.0425284 -1.52589e-05 0.0425284 -0.018 
24.04 54.96 0.0425227 -1.52589e-05 0.0425227 -0.018 
23.92 54.93 0.0425169 -1.52589e-05 0.0425169 -0.018 
23.81 54.91 0.042515 -1.52589e-05 0.042515 -0.018 
23.7 54.86 0.0425093 -1.52589e-05 0.0425093 -0.018 
23.59 54.65 0.0425036 -1.52589e-05 0.0425036 -0.018 
23.48 54.55 0.0425017 -1.52589e-05 0.0425017 -0.018 
23.36 54.39 0.0424979 -1.52589e-05 0.0424979 -0.018 
23.24 54.29 0.0424941 -1.52589e-05 0.0424941 -0.018 
23.13 54.19 0.0424902 -1.52589e-05 0.0424902 -0.018 
23.01 54.29 0.0424864 -1.52589e-05 0.0424864 -0.018 
22.89 54.39 0.0424807 -1.52589e-05 0.0424807 -0.018 
22.77 54.14 0.0424769 -1.52589e-05 0.0424769 -0.018 
22.66 54.14 0.0424712 -1.52589e-05 0.0424712 -0.018 
22.54 54.14 0.0424654 -1.52589e-05 0.0424654 -0.018 
22.42 54.29 0.0424635 -1.52589e-05 0.0424635 -0.018 
22.29 54.34 0.0424578 -1.52589e-05 0.0424578 -0.018 
22.17 54.14 0.0424521 -1.52589e-05 0.0424521 -0.018 
22.06 53.91 0.0424464 -1.52589e-05 0.0424464 -0.018 
21.93 53.78 0.0424407 -1.52589e-05 0.0424407 -0.018 
21.81 53.63 0.0424349 -1.52589e-05 0.0424349 -0.018 
21.69 53.38 0.0424254 -1.52589e-05 0.0424254 -0.018 
21.58 53.25 0.0424197 -1.52589e-05 0.0424197 -0.018 
21.46 52.9 0.0424139 -1.52589e-05 0.0424139 -0.018 
21.34 52.6 0.0424063 -1.52589e-05 0.0424063 -0.018 
21.22 52.16 0.0423987 -1.52589e-05 0.0423987 -0.018 
21.11 51.62 0.0423949 -1.52589e-05 0.0423949 -0.018 
21.01 51.14 0.0423892 -1.52589e-05 0.0423892 -0.018 
20.91 50.92 0.0423834 -1.52589e-05 0.0423834 -0.018 
20.82 50.33 0.0423777 -1.52589e-05 0.0423777 -0.018 
20.72 49.77 0.042372 -1.52589e-05 0.042372 -0.018 
20.65 49.49 0.0423644 -1.52589e-05 0.0423644 -0.018 
20.57 49.25 0.0423586 -1.52589e-05 0.0423586 -0.018 
20.49 48.56 0.0423548 -1.52589e-05 0.0423548 -0.018 
20.42 48.34 0.0423472 -1.52589e-05 0.0423472 -0.018 
20.35 48.11 0.0423434 -1.52589e-05 0.0423434 -0.018 
20.29 47.7 0.0423396 -1.52589e-05 0.0423396 -0.018 
20.22 47.44 0.0423319 -1.52589e-05 0.0423319 -0.018 
20.17 47.19 0.0423281 -1.52589e-05 0.0423281 -0.018 
20.11 47.19 0.0423224 -1.52589e-05 0.0423224 -0.018 
20.06 46.97 0.0423186 -1.52589e-05 0.0423186 -0.018 
20.01 46.75 0.0423129 -1.52589e-05 0.0423129 -0.018 
19.96 46.75 0.042309 -1.52589e-05 0.042309 -0.018 
19.91 46.53 0.0423052 -1.52589e-05 0.0423052 -0.018 
1.0 46.53 0.0423014 -1.52589e-05 0.0423014 -0.018 
19.82 47.15 0.0422957 -1.52589e-05 0.0422957 -0.018 
19.77 46.51 0.0422919 -1.52589e-05 0.0422919 -0.018 
19.73 46.31 0.0422881 -1.52589e-05 0.0422881 -0.018 
19.68 46.31 0.0422843 -1.52589e-05 0.0422843 -0.018 
19.64 46.31 0.0422785 -1.52589e-05 0.0422785 -0.018 
19.6 46.23 0.0422747 -1.52589e-05 0.0422747 -0.018 
19.56 46.1 0.0422709 -1.52589e-05 0.0422709 -0.018 
19.51 46.1 0.0422652 -1.52589e-05 0.0422652 -0.018 
19.47 46.1 0.0422633 -1.52589e-05 0.0422633 -0.018 
19.43 45.88 0.0422575 -1.52589e-05 0.0422575 -0.018 
19.39 45.88 0.0422537 -1.52589e-05 0.0422537 -0.018 
19.35 45.88 0.0422518 -1.52589e-05 0.0422518 -0.018 
19.31 45.67 0.0422461 -1.52589e-05 0.0422461 -0.018 
19.27 45.67 0.0422423 -1.52589e-05 0.0422423 -0.018 
19.23 45.67 0.0422385 -1.52589e-05 0.0422385 -0.018 
19.19 45.49 0.0422347 -1.52589e-05 0.0422347 -0.018 
19.15 45.45 0.0422308 -1.52589e-05 0.0422308 -0.018 
19.11 45.43 0.042227 -1.52589e-05 0.042227 -0.018 
19.07 45.24 0.0422232 -1.52589e-05 0.0422232 -0.018 
19.03 45.03 0.0422194 -1.52589e-05 0.0422194 -0.018 
18.99 45.03 0.0422137 -1.52589e-05 0.0422137 -0.018 
18.95 44.82 0.0422118 -1.52589e-05 0.0422118 -0.018 
18.92 44.82 0.042206 -1.52589e-05 0.042206 -0.018 
18.88 44.61 0.0422003 -1.52589e-05 0.0422003 -0.018 
18.84 44.61 0.0421965 -1.52589e-05 0.0421965 -0.018 
18.8 44.52 0.0421908 -1.52589e-05 0.0421908 -0.018 
18.76 44.4 0.042187 -1.52589e-05 0.042187 -0.018 
18.72 44.4 0.0421832 -1.52589e-05 0.0421832 -0.018 
18.68 44.38 0.0421793 -1.52589e-05 0.0421793 -0.018 
18.64 44.21 0.0421736 -1.52589e-05 0.0421736 -0.018 
18.6 44.19 0.0421698 -1.52589e-05 0.0421698 -0.018 
18.56 44.19 0.0421641 -1.52589e-05 0.0421641 -0.018 
18.52 43.98 0.0421584 -1.52589e-05 0.0421584 -0.018 
18.48 43.98 0.0421546 -1.52589e-05 0.0421546 -0.018 
18.43 43.98 0.0421488 -1.52589e-05 0.0421488 -0.018 
18.4 43.98 0.0421469 -1.52589e-05 0.0421469 -0.018 
18.35 43.98 0.0421412 -1.52589e-05 0.0421412 -0.018 
18.31 43.78 0.0421355 -1.52589e-05 0.0421355 -0.018 
18.27 43.78 0.0421317 -1.52589e-05 0.0421317 -0.018 
18.23 43.78 0.0421259 -1.52589e-05 0.0421259 -0.018 
18.18 43.78 0.0421202 -1.52589e-05 0.0421202 -0.018 
18.14 43.78 0.0421164 -1.52589e-05 0.0421164 -0.018 
18.1 43.78 0.0421107 -1.52589e-05 0.0421107 -0.018 
18.06 43.69 0.0421069 -1.52589e-05 0.0421069 -0.018 
18.02 43.78 0.0421031 -1.52589e-05 0.0421031 -0.018 
17.98 43.59 0.0420973 -1.52589e-05 0.0420973 -0.018 
17.93 43.78 0.0420935 -1.52589e-05 0.0420935 -0.018 
17.89 43.57 0.0420897 -1.52589e-05 0.0420897 -0.018 
17.84 43.57 0.042084 -1.52589e-05 0.042084 -0.018 
17.8 43.57 0.0420802 -1.52589e-05 0.0420802 -0.018 
17.76 43.47 0.0420763 -1.52589e-05 0.0420763 -0.018 
1.0 43.37 0.0420706 -1.52589e-05 0.0420706 -0.018 
17.67 43.37 0.0420668 -1.52589e-05 0.0420668 -0.018 
17.62 43.16 0.0420611 -1.52589e-05 0.0420611 -0.018 
17.58 42.98 0.0420573 -1.52589e-05 0.0420573 -0.018 
17.53 42.96 0.0420535 -1.52589e-05 0.0420535 -0.018 
17.5 42.8 0.0420477 -1.52589e-05 0.0420477 -0.018 
17.45 42.76 0.0420439 -1.52589e-05 0.0420439 -0.018 
17.4 42.76 0.0420401 -1.52589e-05 0.0420401 -0.018 
17.35 42.6 0.0420344 -1.52589e-05 0.0420344 -0.018 
17.31 42.76 0.0420306 -1.52589e-05 0.0420306 -0.018 
17.27 42.76 0.0420268 -1.52589e-05 0.0420268 -0.018 
17.22 42.76 0.042021 -1.52589e-05 0.042021 -0.018 
17.18 42.76 0.0420153 -1.52589e-05 0.0420153 -0.018 
17.13 42.76 0.0420115 -1.52589e-05 0.0420115 -0.018 
17.09 42.76 0.0420077 -1.52589e-05 0.0420077 -0.018 
17.04 42.66 0.042002 -1.52589e-05 0.042002 -0.018 
16.99 42.56 0.0419981 -1.52589e-05 0.0419981 -0.018 
16.95 42.34 0.0419924 -1.52589e-05 0.0419924 -0.018 
16.9 42.14 0.0419886 -1.52589e-05 0.0419886 -0.018 
16.86 41.97 0.0419848 -1.52589e-05 0.0419848 -0.018 
16.8 41.79 0.0419791 -1.52589e-05 0.0419791 -0.018 
16.76 41.75 0.0419753 -1.52589e-05 0.0419753 -0.018 
16.71 41.75 0.0419714 -1.52589e-05 0.0419714 -0.018 
16.66 41.71 0.0419657 -1.52589e-05 0.0419657 -0.018 
16.6 41.75 0.0419619 -1.52589e-05 0.0419619 -0.018 
16.55 41.75 0.0419581 -1.52589e-05 0.0419581 -0.018 
16.49 41.75 0.0419524 -1.52589e-05 0.0419524 -0.018 
16.44 41.95 0.0419486 -1.52589e-05 0.0419486 -0.018 
16.39 41.75 0.0419466 -1.52589e-05 0.0419466 -0.018 
16.33 41.75 0.0419447 -1.52589e-05 0.0419447 -0.018 
101.0 41.75 0.0419409 -1.52589e-05 0.0419409 -0.018 
16.21 41.75 0.0419371 -1.52589e-05 0.0419371 -0.018 
16.16 41.56 0.0419352 -1.52589e-05 0.0419352 -0.018 
16.1 41.36 0.0419333 -1.52589e-05 0.0419333 -0.018 
16.04 41.36 0.0419295 -1.52589e-05 0.0419295 -0.018 
15.98 41.24 0.0419257 -1.52589e-05 0.0419257 -0.018 
15.91 41.32 0.0419238 -1.52589e-05 0.0419238 -0.018 
15.85 41.36 0.0419219 -1.52589e-05 0.0419219 -0.018 
101.0 41.36 0.0419199 -1.52589e-05 0.0419199 -0.018 
15.72 41.36 0.041918 -1.52589e-05 0.041918 -0.018 
15.65 41.56 0.0419161 -1.52589e-05 0.0419161 -0.018 
15.58 41.75 0.0419161 -1.52589e-05 0.0419161 -0.018 
15.51 41.95 0.0419123 -1.52589e-05 0.0419123 -0.018 
15.42 41.97 0.0419104 -1.52589e-05 0.0419104 -0.018 
15.34 42.14 0.0419085 -1.52589e-05 0.0419085 -0.018 
15.25 42.34 0.0419085 -1.52589e-05 0.0419085 -0.018 
15.16 42.46 0.0419085 -1.52589e-05 0.0419085 -0.018 
15.06 42.76 0.0419066 -1.52589e-05 0.0419066 -0.018 
14.96 42.96 0.0419009 -1.52589e-05 0.0419009 -0.018 
14.85 42.96 0.0418952 -1.52589e-05 0.0418952 -0.018 
14.75 43.04 0.0418875 -1.52589e-05 0.0418875 -0.018 
14.63 43.08 0.0418799 -1.52589e-05 0.0418799 -0.018 
14.51 42.98 0.0418704 -1.52589e-05 0.0418704 -0.018 
14.39 42.98 0.0418646 -1.52589e-05 0.0418646 -0.018 
14.27 42.96 0.0418551 -1.52589e-05 0.0418551 -0.018 
14.16 42.8 0.0418456 -1.52589e-05 0.0418456 -0.018 
14.03 42.76 0.0418379 -1.52589e-05 0.0418379 -0.018 
13.91 42.56 0.0418284 -1.52589e-05 0.0418284 -0.018 
13.79 42.56 0.0418208 -1.52589e-05 0.0418208 -0.018 
1.0 42.34 0.041815 -1.52589e-05 0.041815 -0.018 
1.0 42.14 0.0418074 -1.52589e-05 0.0418074 -0.018 
13.45 41.95 0.0418017 -1.52589e-05 0.0418017 -0.018 
13.34 41.75 0.041796 -1.52589e-05 0.041796 -0.018 
13.23 41.59 0.0417902 -1.52589e-05 0.0417902 -0.018 
13.14 41.56 0.0417845 -1.52589e-05 0.0417845 -0.018 
13.04 41.36 0.0417788 -1.52589e-05 0.0417788 -0.018 
12.94 41.17 0.041775 -1.52589e-05 0.041775 -0.018 
12.84 41.09 0.0417693 -1.52589e-05 0.0417693 -0.018 
12.76 40.97 0.0417655 -1.33515e-05 0.0417655 -0.018 
12.68 40.82 0.0417616 -1.52589e-05 0.0417616 -0.018 
12.59 40.78 0.0417559 -1.52589e-05 0.0417559 -0.018 
12.51 40.59 0.0417521 -1.33515e-05 0.0417521 -0.018 
12.44 40.59 0.0417483 -1.33515e-05 0.0417483 -0.018 
12.36 40.4 0.0417426 -1.33515e-05 0.0417426 -0.018 
12.28 40.4 0.0417387 -1.33515e-05 0.0417387 -0.018 
12.21 40.21 0.0417349 -1.33515e-05 0.0417349 -0.018 
12.15 40.21 0.0417292 -1.33515e-05 0.0417292 -0.018 
12.08 40.04 0.0417254 -1.52589e-05 0.0417254 -0.018 
12.02 40.02 0.0417216 -1.52589e-05 0.0417216 -0.018 
11.95 40.02 0.0417159 -1.52589e-05 0.0417159 -0.018 
11.9 39.84 0.041712 -1.52589e-05 0.041712 -0.018 
11.84 39.76 0.0417082 -1.52589e-05 0.0417082 -0.018 
11.79 39.65 0.0417025 -1.33515e-05 0.0417025 -0.018 
11.74 39.65 0.0416987 -1.33515e-05 0.0416987 -0.018 
11.69 39.47 0.0416949 -1.33515e-05 0.0416949 -0.018 
11.64 39.3 0.0416911 -1.33515e-05 0.0416911 -0.018 
11.6 39.28 0.0416853 -1.33515e-05 0.0416853 -0.018 
11.56 39.1 0.0416815 -1.33515e-05 0.0416815 -0.018 
11.52 38.95 0.0416758 -1.33515e-05 0.0416758 -0.018 
11.48 38.92 0.0416701 -1.33515e-05 0.0416701 -0.018 
11.45 38.73 0.0416682 -1.33515e-05 0.0416682 -0.018 
11.41 38.66 0.0416625 -1.33515e-05 0.0416625 -0.018 
11.38 38.55 0.0416567 -1.33515e-05 0.0416567 -0.018 
11.34 38.37 0.0416548 -1.33515e-05 0.0416548 -0.018 
11.31 38.3 0.0416472 -1.33515e-05 0.0416472 -0.018 
11.28 38.19 0.0416434 -1.33515e-05 0.0416434 -0.018 
11.25 38.19 0.0416396 -1.33515e-05 0.0416396 -0.018 
11.22 38.01 0.0416358 -1.33515e-05 0.0416358 -0.018 
11.2 38.01 0.0416319 -1.33515e-05 0.0416319 -0.018 
11.17 37.85 0.0416262 -1.33515e-05 0.0416262 -0.018 
1.0 37.82 0.0416224 -1.33515e-05 0.0416224 -0.018 
11.13 37.82 0.0416186 -1.33515e-05 0.0416186 -0.018 
11.1 37.71 0.0416148 -1.33515e-05 0.0416148 -0.018 
11.08 37.64 0.041609 -1.33515e-05 0.041609 -0.018 
11.06 37.64 0.0416052 -1.33515e-05 0.0416052 -0.018 
11.04 37.64 0.0416014 -1.33515e-05 0.0416014 -0.018 
11.02 37.64 0.0415957 -1.33515e-05 0.0415957 -0.018 
10.99 37.47 0.0415919 -1.33515e-05 0.0415919 -0.018 
10.97 37.29 0.0415881 -1.33515e-05 0.0415881 -0.018 
10.95 37.12 0.0415823 -1.33515e-05 0.0415823 -0.018 
10.93 37.61 0.0415785 -1.33515e-05 0.0415785 -0.018 
10.91 36.77 0.0415747 -1.33515e-05 0.0415747 -0.018 
10.89 36.81 0.0415709 -1.33515e-05 0.0415709 -0.018 
10.88 36.6 0.0415652 -1.33515e-05 0.0415652 -0.018 
10.86 36.43 0.0415614 -1.33515e-05 0.0415614 -0.018 
10.84 36.43 0.0415576 -1.33515e-05 0.0415576 -0.018 
10.82 36.26 0.0415518 -1.33515e-05 0.0415518 -0.018 
10.8 36.26 0.0415499 -1.33515e-05 0.0415499 -0.018 
10.78 36.09 0.0415442 -1.33515e-05 0.0415442 -0.018 
10.76 36.11 0.0415404 -1.33515e-05 0.0415404 -0.018 
10.74 36.09 0.0415366 -1.33515e-05 0.0415366 -0.018 
10.72 36.09 0.0415308 -1.33515e-05 0.0415308 -0.018 
10.71 36.09 0.0415251 -1.33515e-05 0.0415251 -0.018 
10.69 36.09 0.0415213 -1.33515e-05 0.0415213 -0.018 
10.67 36.02 0.0415175 -1.33515e-05 0.0415175 -0.018 
10.65 35.94 0.0415118 -1.33515e-05 0.0415118 -0.018 
10.63 35.92 0.041508 -1.33515e-05 0.041508 -0.018 
10.61 35.75 0.0415022 -1.33515e-05 0.0415022 -0.018 
10.59 35.6 0.0414984 -1.33515e-05 0.0414984 -0.018 
10.58 35.59 0.0414946 -1.33515e-05 0.0414946 -0.018 
101.0 35.42 0.0414908 -1.33515e-05 0.0414908 -0.018 
10.54 35.35 0.0414851 -1.33515e-05 0.0414851 -0.018 
10.52 35.26 0.0414832 -1.33515e-05 0.0414832 -0.018 
10.5 35.09 0.0414774 -1.33515e-05 0.0414774 -0.018 
10.48 34.93 0.0414717 -1.33515e-05 0.0414717 -0.018 
10.47 34.8 0.0414679 -1.33515e-05 0.0414679 -0.018 
10.45 34.76 0.0414641 -1.33515e-05 0.0414641 -0.018 
10.43 34.6 0.0414603 -1.33515e-05 0.0414603 -0.018 
10.41 34.46 0.0414546 -1.33515e-05 0.0414546 -0.018 
10.39 34.44 0.0414507 -1.33515e-05 0.0414507 -0.018 
10.37 34.28 0.0414469 -1.33515e-05 0.0414469 -0.018 
10.35 34.28 0.0414412 -1.33515e-05 0.0414412 -0.018 
10.32 34.22 0.0414374 -1.33515e-05 0.0414374 -0.018 
10.3 34.12 0.0414336 -1.33515e-05 0.0414336 -0.018 
10.28 34.12 0.0414279 -1.33515e-05 0.0414279 -0.018 
10.26 34.12 0.041424 -1.33515e-05 0.041424 -0.018 
10.24 34.12 0.0414202 -1.33515e-05 0.0414202 -0.018 
10.22 34.12 0.0414164 -1.33515e-05 0.0414164 -0.018 
10.19 34.12 0.0414107 -1.33515e-05 0.0414107 -0.018 
10.17 33.96 0.0414069 -1.33515e-05 0.0414069 -0.018 
10.15 33.96 0.041405 -1.33515e-05 0.041405 -0.018 
10.13 33.79 0.0413992 -1.33515e-05 0.0413992 -0.018 
10.1 33.79 0.0413954 -1.33515e-05 0.0413954 -0.018 
10.08 33.79 0.0413916 -1.33515e-05 0.0413916 -0.018 
10.05 33.63 0.0413878 -1.33515e-05 0.0413878 -0.018 
10.03 33.63 0.041384 -1.33515e-05 0.041384 -0.018 
10.0 33.47 0.0413802 -1.33515e-05 0.0413802 -0.018 
9.97 33.47 0.0413744 -1.33515e-05 0.0413744 -0.018 
9.94 33.32 0.0413706 -1.33515e-05 0.0413706 -0.018 
9.91 33.32 0.0413668 -1.33515e-05 0.0413668 -0.018 
9.88 33.16 0.041363 -1.33515e-05 0.041363 -0.018 
9.85 33.16 0.0413573 -1.33515e-05 0.0413573 -0.018 
1.0 33.01 0.0413535 -1.33515e-05 0.0413535 -0.018 
9.78 33.01 0.0413496 -1.33515e-05 0.0413496 -0.018 
9.74 33.01 0.0413458 -1.33515e-05 0.0413458 -0.018 
9.7 32.85 0.0413401 -1.33515e-05 0.0413401 -0.018 
9.65 32.85 0.0413382 -1.33515e-05 0.0413382 -0.018 
9.61 32.7 0.0413344 -1.33515e-05 0.0413344 -0.018 
9.57 32.7 0.0413287 -1.33515e-05 0.0413287 -0.018 
9.53 32.55 0.0413249 -1.33515e-05 0.0413249 -0.018 
9.48 32.55 0.0413191 -1.33515e-05 0.0413191 -0.018 
9.43 32.42 0.0413153 -1.33515e-05 0.0413153 -0.018 
9.38 32.39 0.0413115 -1.33515e-05 0.0413115 -0.018 
9.33 32.39 0.0413058 -1.33515e-05 0.0413058 -0.018 
9.27 32.24 0.041302 -1.33515e-05 0.041302 -0.018 
9.22 32.12 0.0412982 -1.33515e-05 0.0412982 -0.018 
9.18 32.09 0.0412943 -1.33515e-05 0.0412943 -0.018 
9.14 31.94 0.0412886 -1.33515e-05 0.0412886 -0.018 
9.09 31.8 0.0412848 -1.33515e-05 0.0412848 -0.018 
9.05 31.53 0.0412791 -1.33515e-05 0.0412791 -0.018 
9.02 31.37 0.0412753 -1.33515e-05 0.0412753 -0.018 
8.98 31.35 0.0412695 -1.33515e-05 0.0412695 -0.018 
8.95 31.21 0.0412638 -1.33515e-05 0.0412638 -0.018 
8.92 31.06 0.04126 -1.33515e-05 0.04126 -0.018 
8.89 31.06 0.0412543 -1.33515e-05 0.0412543 -0.018 
8.87 30.92 0.0412486 -1.33515e-05 0.0412486 -0.018 
8.83 30.92 0.0412467 -1.33515e-05 0.0412467 -0.018 
8.8 30.77 0.0412409 -1.33515e-05 0.0412409 -0.018 
8.78 30.77 0.0412352 -1.33515e-05 0.0412352 -0.018 
8.75 30.77 0.0412333 -1.33515e-05 0.0412333 -0.018 
8.73 30.63 0.0412276 -1.33515e-05 0.0412276 -0.018 
8.7 30.57 0.0412219 -1.33515e-05 0.0412219 -0.018 
8.68 30.49 0.041218 -1.33515e-05 0.041218 -0.018 
8.66 30.49 0.0412123 -1.33515e-05 0.0412123 -0.018 
8.64 30.46 0.0412085 -1.33515e-05 0.0412085 -0.018 
8.62 30.34 0.0412028 -1.33515e-05 0.0412028 -0.018 
8.6 30.19 0.0411971 -1.33515e-05 0.0411971 -0.018 
8.58 30.19 0.0411932 -1.33515e-05 0.0411932 -0.018 
8.56 30.08 0.0411875 -1.33515e-05 0.0411875 -0.018 
8.54 30.05 0.0411837 -1.33515e-05 0.0411837 -0.018 
8.52 29.91 0.0411799 -1.33515e-05 0.0411799 -0.018 
8.5 29.77 0.0411742 -1.33515e-05 0.0411742 -0.018 
8.48 29.63 0.0411685 -1.33515e-05 0.0411685 -0.018 
8.47 29.49 0.0411646 -1.33515e-05 0.0411646 -0.018 
8.45 29.36 0.0411608 -1.33515e-05 0.0411608 -0.018 
8.43 29.22 0.0411551 -1.33515e-05 0.0411551 -0.018 
8.41 29.08 0.0411513 -1.33515e-05 0.0411513 -0.018 
8.39 28.95 0.0411456 -1.33515e-05 0.0411456 -0.018 
8.37 28.83 0.0411417 -1.33515e-05 0.0411417 -0.018 
8.35 28.81 0.041136 -1.33515e-05 0.041136 -0.018 
8.33 28.68 0.0411303 -1.33515e-05 0.0411303 -0.018 
8.31 28.68 0.0411284 -1.33515e-05 0.0411284 -0.018 
8.29 28.68 0.0411227 -1.33515e-05 0.0411227 -0.018 
8.27 28.68 0.041117 -1.33515e-05 0.041117 -0.018 
8.25 28.68 0.0411131 -1.33515e-05 0.0411131 -0.018 
8.23 28.56 0.0411074 -1.33515e-05 0.0411074 -0.018 
8.22 28.55 0.0411036 -1.33515e-05 0.0411036 -0.018 
8.2 28.44 0.0410979 -1.33515e-05 0.0410979 -0.018 
8.18 28.41 0.0410922 -1.33515e-05 0.0410922 -0.018 
8.15 28.28 0.0410883 -1.33515e-05 0.0410883 -0.018 
8.14 28.15 0.0410826 -1.33515e-05 0.0410826 -0.018 
8.12 28.02 0.0410769 -1.33515e-05 0.0410769 -0.018 
8.1 27.76 0.0410731 -1.33515e-05 0.0410731 -0.018 
8.08 27.63 0.0410674 -1.33515e-05 0.0410674 -0.018 
8.06 27.52 0.0410635 -1.33515e-05 0.0410635 -0.018 
8.04 27.5 0.0410578 -1.33515e-05 0.0410578 -0.018 
8.02 27.37 0.0410521 -1.33515e-05 0.0410521 -0.018 
8.01 27.25 0.0410483 -1.33515e-05 0.0410483 -0.018 
7.99 27.25 0.0410426 -1.33515e-05 0.0410426 -0.018 
7.97 27.25 0.0410388 -1.33515e-05 0.0410388 -0.018 
7.95 27.25 0.0410349 -1.33515e-05 0.0410349 -0.018 
7.93 27.12 0.0410292 -1.33515e-05 0.0410292 -0.018 
7.91 27.12 0.0410235 -1.33515e-05 0.0410235 -0.018 
7.89 27.12 0.0410197 -1.33515e-05 0.0410197 -0.018 
7.87 27.12 0.041014 -1.33515e-05 0.041014 -0.018 
7.84 26.99 0.0410101 -1.33515e-05 0.0410101 -0.018 
7.82 26.86 0.0410082 -1.33515e-05 0.0410082 -0.018 
7.8 26.81 0.0410063 -1.33515e-05 0.0410063 -0.018 
7.78 26.62 0.0410006 -1.33515e-05 0.0410006 -0.018 
7.76 26.48 0.0409968 -1.33515e-05 0.0409968 -0.018 
7.74 26.36 0.0409911 -1.33515e-05 0.0409911 -0.018 
7.72 26.14 0.0409853 -1.33515e-05 0.0409853 -0.018 
7.7 26.12 0.0409815 -1.33515e-05 0.0409815 -0.018 
7.67 26.0 0.0409739 -1.33515e-05 0.0409739 -0.018 
7.65 26.01 0.0409701 -1.33515e-05 0.0409701 -0.018 
7.62 26.1 0.0409644 -1.33515e-05 0.0409644 -0.018 
7.6 26.12 0.0409586 -1.33515e-05 0.0409586 -0.018 
7.58 26.12 0.0409548 -1.33515e-05 0.0409548 -0.018 
7.55 25.89 0.0409491 -1.33515e-05 0.0409491 -0.018 
7.52 25.77 0.0409434 -1.33515e-05 0.0409434 -0.018 
7.5 25.64 0.0409377 -1.33515e-05 0.0409377 -0.018 
7.47 25.4 0.0409319 -1.33515e-05 0.0409319 -0.018 
1.0 25.35 0.0409281 -1.33515e-05 0.0409281 -0.018 
7.41 25.33 0.0409224 -1.33515e-05 0.0409224 -0.018 
7.39 25.4 0.0409186 -1.33515e-05 0.0409186 -0.018 
7.35 25.34 0.0409129 -1.33515e-05 0.0409129 -0.018 
7.33 25.4 0.0409052 -1.33515e-05 0.0409052 -0.018 
7.3 25.28 0.0409014 -1.33515e-05 0.0409014 -0.018 
7.28 25.16 0.0408957 -1.33515e-05 0.0408957 -0.018 
7.24 25.05 0.0408919 -1.33515e-05 0.0408919 -0.018 
7.22 24.82 0.0408862 -1.33515e-05 0.0408862 -0.018 
7.18 24.7 0.0408804 -1.33515e-05 0.0408804 -0.018 
7.16 24.48 0.0408766 -1.33515e-05 0.0408766 -0.018 
7.12 24.43 0.0408709 -1.33515e-05 0.0408709 -0.018 
7.09 24.36 0.0408652 -1.33515e-05 0.0408652 -0.018 
7.05 24.26 0.0408614 -1.33515e-05 0.0408614 -0.018 
7.02 24.36 0.0408576 -1.33515e-05 0.0408576 -0.018 
6.99 24.36 0.0408537 -1.33515e-05 0.0408537 -0.018 
6.95 24.25 0.0408499 -1.33515e-05 0.0408499 -0.018 
6.92 24.13 0.0408423 -1.33515e-05 0.0408423 -0.018 
6.89 24.01 0.0408385 -1.33515e-05 0.0408385 -0.018 
6.85 23.79 0.0408309 -1.33515e-05 0.0408309 -0.018 
6.81 23.57 0.040827 -1.33515e-05 0.040827 -0.018 
6.77 23.46 0.0408232 -1.33515e-05 0.0408232 -0.018 
6.73 23.35 0.0408175 -1.33515e-05 0.0408175 -0.018 
6.69 23.35 0.0408118 -1.33515e-05 0.0408118 -0.018 
6.64 23.35 0.0408061 -1.33515e-05 0.0408061 -0.018 
6.6 23.35 0.0408003 -1.33515e-05 0.0408003 -0.018 
6.57 23.24 0.0407965 -1.33515e-05 0.0407965 -0.018 
6.54 23.03 0.0407908 -1.33515e-05 0.0407908 -0.018 
6.49 22.83 0.040787 -1.33515e-05 0.040787 -0.018 
6.44 22.62 0.0407813 -1.33515e-05 0.0407813 -0.018 
1.0 22.51 0.0407755 -1.33515e-05 0.0407755 -0.018 
6.35 22.45 0.0407698 -1.33515e-05 0.0407698 -0.018 
6.3 22.5 0.0407641 -1.33515e-05 0.0407641 -0.018 
6.25 22.5 0.0407603 -1.33515e-05 0.0407603 -0.018 
6.2 22.4 0.0407546 -1.33515e-05 0.0407546 -0.018 
6.14 22.4 0.0407469 -1.33515e-05 0.0407469 -0.018 
6.09 22.21 0.0407431 -1.33515e-05 0.0407431 -0.018 
6.03 22.09 0.0407374 -1.33515e-05 0.0407374 -0.018 
5.96 21.88 0.0407336 -1.33515e-05 0.0407336 -0.018 
5.9 21.68 0.0407279 -1.33515e-05 0.0407279 -0.018 
5.83 21.58 0.0407221 -1.33515e-05 0.0407221 -0.018 
101.0 21.58 0.0407183 -1.33515e-05 0.0407183 -0.018 
5.64 21.68 0.0407107 -1.33515e-05 0.0407107 -0.018 
5.53 21.68 0.0407069 -1.33515e-05 0.0407069 -0.018 
5.38 21.78 0.0407031 -1.33515e-05 0.0407031 -0.018 
5.24 21.9 0.0406954 -1.33515e-05 0.0406954 -0.018 
5.14 21.54 0.0406897 -1.33515e-05 0.0406897 -0.018 
5.07 21.29 0.0406821 -1.33515e-05 0.0406821 -0.018 
5.02 21.08 0.0406783 -1.33515e-05 0.0406783 -0.018 
4.99 20.89 0.0406725 -1.33515e-05 0.0406725 -0.018 
4.97 20.75 0.0406668 -1.33515e-05 0.0406668 -0.018 
4.93 20.62 0.0406611 -1.33515e-05 0.0406611 -0.018 
4.9 20.51 0.0406535 -1.33515e-05 0.0406535 -0.018 
4.89 20.5 0.0406497 -1.33515e-05 0.0406497 -0.018 
4.86 20.37 0.040642 -1.33515e-05 0.040642 -0.018 
4.85 20.31 0.0406363 -1.33515e-05 0.0406363 -0.018 
4.82 20.22 0.0406287 -1.33515e-05 0.0406287 -0.018 
4.79 20.04 0.0406229 -1.33515e-05 0.0406229 -0.018 
4.78 19.94 0.0406172 -1.33515e-05 0.0406172 -0.018 
4.76 19.81 0.0406115 -1.33515e-05 0.0406115 -0.018 
4.75 19.54 0.0406039 -1.33515e-05 0.0406039 -0.018 
4.73 19.36 0.0405982 -1.33515e-05 0.0405982 -0.018 
4.7 19.12 0.0405924 -1.33515e-05 0.0405924 -0.018 
4.68 18.94 0.0405867 -1.33515e-05 0.0405867 -0.018 
4.68 18.79 0.0405791 -1.33515e-05 0.0405791 -0.018 
4.68 18.77 0.0405753 -1.33515e-05 0.0405753 -0.018 
4.67 18.62 0.0405676 -1.33515e-05 0.0405676 -0.018 
4.66 18.6 0.04056 -1.33515e-05 0.04056 -0.018 
4.66 18.51 0.0405524 -1.33515e-05 0.0405524 -0.018 
4.66 18.43 0.0405467 -1.33515e-05 0.0405467 -0.018 
4.65 18.26 0.040539 -1.33515e-05 0.040539 -0.018 
4.63 18.02 0.0405333 -1.33515e-05 0.0405333 -0.018 
4.62 17.86 0.0405257 -1.33515e-05 0.0405257 -0.018 
4.61 17.65 0.04052 -1.33515e-05 0.04052 -0.018 
4.61 17.44 0.0405142 -1.33515e-05 0.0405142 -0.018 
4.6 17.28 0.0405066 -1.33515e-05 0.0405066 -0.018 
4.6 17.11 0.040499 -1.33515e-05 0.040499 -0.018 
4.58 17.07 0.0404932 -1.33515e-05 0.0404932 -0.018 
4.56 16.89 0.0404856 -1.33515e-05 0.0404856 -0.018 
101.0 16.74 0.0404799 -1.33515e-05 0.0404799 -0.018 
4.54 16.68 0.0404723 -1.33515e-05 0.0404723 -0.018 
4.53 16.57 0.0404665 -1.33515e-05 0.0404665 -0.018 
4.51 16.49 0.040457 -1.33515e-05 0.040457 -0.018 
4.49 16.42 0.0404513 -1.33515e-05 0.0404513 -0.018 
4.47 16.27 0.0404437 -1.33515e-05 0.0404437 -0.018 
4.45 16.12 0.0404379 -1.33515e-05 0.0404379 -0.018 
4.41 15.9 0.0404303 -1.33515e-05 0.0404303 -0.018 
4.39 15.77 0.0404227 -1.33515e-05 0.0404227 -0.018 
4.35 15.55 0.040417 -1.33515e-05 0.040417 -0.018 
4.32 15.4 0.0404093 -1.33515e-05 0.0404093 -0.018 
4.28 15.2 0.0404017 -1.33515e-05 0.0404017 -0.018 
4.25 15.06 0.0403941 -1.33515e-05 0.0403941 -0.018 
4.21 14.84 0.0403883 -1.33515e-05 0.0403883 -0.018 
4.17 14.58 0.0403807 -1.33515e-05 0.0403807 -0.018 
4.13 14.44 0.040375 -1.33515e-05 0.040375 -0.018 
4.1 14.24 0.0403655 -1.33515e-05 0.0403655 -0.018 
4.07 14.05 0.0403597 -1.33515e-05 0.0403597 -0.018 
4.04 13.83 0.0403502 -1.33515e-05 0.0403502 -0.018 
4.01 13.67 0.0403445 -1.33515e-05 0.0403445 -0.018 
3.96 13.43 0.0403368 -1.33515e-05 0.0403368 -0.018 
3.93 13.3 0.0403311 -1.33515e-05 0.0403311 -0.018 
3.9 13.09 0.0403235 -1.33515e-05 0.0403235 -0.018 
3.87 12.88 0.0403178 -1.33515e-05 0.0403178 -0.018 
3.83 12.79 0.0403101 -1.33515e-05 0.0403101 -0.018 
3.79 12.51 0.0403044 -1.33515e-05 0.0403044 -0.018 
3.75 12.31 0.0402968 -1.33515e-05 0.0402968 -0.018 
3.72 12.09 0.0402892 -1.33515e-05 0.0402892 -0.018 
3.68 11.83 0.0402834 -1.33515e-05 0.0402834 -0.018 
3.64 11.7 0.0402834 -1.33515e-05 0.0402834 -0.018 
3.6 11.42 0.0402834 -1.33515e-05 0.0402834 -0.018 
3.57 11.3 0.0402777 -1.33515e-05 0.0402777 -0.018 
3.5 11.01 0.040272 -1.33515e-05 0.040272 -0.018 
3.42 10.81 0.0402663 -1.33515e-05 0.0402663 -0.018 
3.38 10.47 0.0402586 -1.33515e-05 0.0402586 -0.018 
3.32 10.22 0.0402548 -1.33515e-05 0.0402548 -0.018 
3.25 10.07 0.0402472 -1.33515e-05 0.0402472 -0.018 
3.19 9.66 0.0402453 -1.33515e-05 0.0402453 -0.018 
3.11 9.51 0.0402396 -1.33515e-05 0.0402396 -0.018 
3.01 9.14 0.0402358 -1.33515e-05 0.0402358 -0.018 
2.88 8.96 0.0402319 -1.33515e-05 0.0402319 -0.018 
2.8 8.55 0.04023 -1.33515e-05 0.04023 -0.018 
2.72 8.23 0.0402281 -1.33515e-05 0.0402281 -0.018 
2.65 7.98 0.0402262 -1.33515e-05 0.0402262 -0.018 
2.59 7.63 0.0402262 -1.33515e-05 0.0402262 -0.018 
2.54 7.29 0.0402262 -1.33515e-05 0.0402262 -0.018 
2.48 6.9 0.0402281 -1.33515e-05 0.0402281 -0.018 
2.45 6.58 0.0402319 -1.33515e-05 0.0402319 -0.018 
2.41 6.28 0.0402339 -1.33515e-05 0.0402339 -0.018 
2.36 5.82 0.0402377 -1.33515e-05 0.0402377 -0.018 
2.32 5.7 0.0402434 -1.33515e-05 0.0402434 -0.018 
2.3 5.25 0.0402491 -1.33515e-05 0.0402491 -0.018 
2.25 4.97 0.0402567 -1.33515e-05 0.0402567 -0.018 
2.21 4.74 0.0402625 -1.33515e-05 0.0402625 -0.018 
2.17 4.4 0.0402701 -1.33515e-05 0.0402701 -0.018 
2.14 4.21 0.0402777 -1.33515e-05 0.0402777 -0.018 
2.1 4.0 0.0402853 -1.33515e-05 0.0402853 -0.018 
2.06 3.73 0.040293 -1.33515e-05 0.040293 -0.018 
2.03 3.55 0.0403006 -1.33515e-05 0.0403006 -0.018 
2.01 3.38 0.0403082 -1.33515e-05 0.0403082 -0.018 
1.97 3.28 0.040314 -1.33515e-05 0.040314 -0.018 
1.93 3.07 0.0403197 -1.33515e-05 0.0403197 -0.018 
1.9 2.99 0.0403254 -1.33515e-05 0.0403254 -0.018 
1.88 2.88 0.0403311 -1.33515e-05 0.0403311 -0.018 
1.86 2.82 0.0403349 -1.33515e-05 0.0403349 -0.018 
1.84 2.75 0.0403368 -1.33515e-05 0.0403368 -0.018 
1.82 2.63 0.0403407 -1.33515e-05 0.0403407 -0.018 
101.0 2.59 0.0403445 -1.33515e-05 0.0403445 -0.018 
1.81 2.56 0.0403483 -1.33515e-05 0.0403483 -0.018 
1.8 2.51 0.0403502 -1.33515e-05 0.0403502 -0.018 
1.79 2.44 0.0403502 -1.33515e-05 0.0403502 -0.018 
1.79 2.44 0.0403521 -1.33515e-05 0.0403521 -0.018 
1.78 2.45 0.0403521 -1.33515e-05 0.0403521 -0.018 
1.78 2.41 0.0403521 -1.33515e-05 0.0403521 -0.018 
1.77 2.38 0.040354 -1.33515e-05 0.040354 -0.018 
1.77 2.34 0.0403559 -1.33515e-05 0.0403559 -0.018 
1.77 2.33 0.0403559 -1.33515e-05 0.0403559 -0.018 
1.77 2.36 0.0403559 -1.33515e-05 0.0403559 -0.018 
1.77 2.3 0.0403578 -1.33515e-05 0.0403578 -0.018 
1.76 2.33 0.0403578 -1.33515e-05 0.0403578 -0.018 
1.76 2.32 0.0403578 -1.33515e-05 0.0403578 -0.018 
1.76 2.27 0.0403578 -1.33515e-05 0.0403578 -0.018 
1.76 2.31 0.0403578 -1.33515e-05 0.0403578 -0.018 
1.76 2.24 0.0403578 -1.33515e-05 0.0403578 -0.018 
1.76 2.29 0.0403578 -1.33515e-05 0.0403578 -0.018 
1.76 2.27 0.0403578 -1.33515e-05 0.0403578 -0.018 
1.76 2.3 0.0403578 -1.33515e-05 0.0403578 -0.018 
1.76 2.29 0.0403578 -1.33515e-05 0.0403578 -0.018 
1.76 2.34 0.0403597 -1.33515e-05 0.0403597 -0.018 
1.76 2.37 0.040354 -1.33515e-05 0.040354 -0.018 
1.92 2.32 0.0403407 -1.33515e-05 0.0403407 -0.018 
2.45 2.54 0.0403254 -1.33515e-05 0.0403254 -0.018 
3.05 3.13 0.040314 -1.33515e-05 0.040314 -0.018 
3.5 3.67 0.0403044 -1.33515e-05 0.0403044 -0.018 
3.69 4.07 0.0403101 -1.33515e-05 0.0403101 -0.018 
2.88 4.29 0.0403368 -1.33515e-05 0.0403368 -0.018 
1.71 3.03 0.0403521 -1.33515e-05 0.0403521 -0.018 
1.46 2.33 0.0403636 -1.33515e-05 0.0403636 -0.018 
1.44 2.1 0.0403712 -1.33515e-05 0.0403712 -0.018 
1.43 2.03 0.0403769 -1.33515e-05 0.0403769 -0.018 
1.43 1.9 0.0403769 -1.33515e-05 0.0403769 -0.018 
1.43 1.89 0.0403807 -1.33515e-05 0.0403807 -0.018 
1.42 1.83 0.0403807 -1.33515e-05 0.0403807 -0.018 
1.42 1.82 0.0403826 -1.33515e-05 0.0403826 -0.018 
1.42 1.82 0.0403826 -1.33515e-05 0.0403826 -0.018 
1.42 1.8 0.0403826 -1.33515e-05 0.0403826 -0.018 
1.42 1.78 0.0403826 -1.33515e-05 0.0403826 -0.018 
1.42 1.76 0.0403845 -1.33515e-05 0.0403845 -0.018 
1.42 1.78 0.0403826 -1.33515e-05 0.0403826 -0.018 
1.42 1.79 0.0403845 -1.33515e-05 0.0403845 -0.018 
1.42 1.8 0.0403845 -1.33515e-05 0.0403845 -0.018 
1.43 1.81 0.0403845 -1.33515e-05 0.0403845 -0.018 
1.43 1.78 0.0403845 -1.33515e-05 0.0403845 -0.018 
1.44 1.79 0.0403864 -1.33515e-05 0.0403864 -0.018 
1.44 1.76 0.0403845 -1.33515e-05 0.0403845 -0.018 
1.44 1.78 0.0403864 -1.33515e-05 0.0403864 -0.018 
1.44 1.79 0.0403864 -1.33515e-05 0.0403864 -0.018 
1.44 1.74 0.0403864 -1.33515e-05 0.0403864 -0.018 
1.45 1.79 0.0403864 -1.33515e-05 0.0403864 -0.018 
1.45 1.77 0.0403864 -1.33515e-05 0.0403864 -0.018 
1.45 1.78 0.0403864 -1.33515e-05 0.0403864 -0.018 
1.45 1.75 0.0403864 -1.33515e-05 0.0403864 -0.018 
1.46 1.74 0.0403883 -1.33515e-05 0.0403883 -0.018 
1.46 1.69 0.0403903 -1.33515e-05 0.0403903 -0.018 
1.47 1.72 0.0403922 -1.33515e-05 0.0403922 -0.018 
1.47 1.69 0.0404036 -1.33515e-05 0.0404036 -0.018 
1.47 1.64 0.0404074 -1.33515e-05 0.0404074 -0.018 
1.47 1.47 0.0404093 -1.33515e-05 0.0404093 -0.018 
1.48 1.44 0.0404093 -1.33515e-05 0.0404093 -0.018 
1.48 1.44 0.0404112 -1.33515e-05 0.0404112 -0.018 
1.48 1.45 0.0404112 -1.33515e-05 0.0404112 -0.018 
1.48 1.5 0.0404112 -1.33515e-05 0.0404112 -0.018 
1.49 1.39 0.0404112 -1.33515e-05 0.0404112 -0.018 
1.49 1.38 0.0404112 -1.33515e-05 0.0404112 -0.018 
