667280.0000 645850.0000
348294.0000 355488.0000
239920.0000 243093.0000
187214.0000 190103.0000
158502.0000 159100.0000
137947.0000 138491.0000
122953.0000 123635.0000
111427.0000 112387.0000
102202.0000 102969.0000
95489.0000 95719.0000
88519.0000 89644.0000
84118.0000 84112.0000
79235.0000 79550.0000
75960.0000 75430.0000
72817.0000 73359.0000
69259.0000 69152.0000
66583.0000 66630.0000
64148.0000 64178.0000
62124.0000 61703.0000
59509.0000 59912.0000
58226.0000 58008.0000
56449.0000 55736.0000
54776.0000 54324.0000
53221.0000 53185.0000
52000.0000 51854.0000
50283.0000 50706.0000
49318.0000 49289.0000
48298.0000 47986.0000
47146.0000 47341.0000
46136.0000 45970.0000
44740.0000 45113.0000
44277.0000 44380.0000
43300.0000 43158.0000
42606.0000 42509.0000
41671.0000 41339.0000
41433.0000 40937.0000
40382.0000 41173.0000
39510.0000 39407.0000
38859.0000 38980.0000
38460.0000 38787.0000
37620.0000 37833.0000
37063.0000 37132.0000
36634.0000 36820.0000
36098.0000 35938.0000
35354.0000 35765.0000
35289.0000 35236.0000
34530.0000 34493.0000
34471.0000 33620.0000
33636.0000 33773.0000
33267.0000 33068.0000
32867.0000 33055.0000
32638.0000 32612.0000
31861.0000 32361.0000
31712.0000 31493.0000
31202.0000 31376.0000
30991.0000 30899.0000
30497.0000 30618.0000
30579.0000 30334.0000
30135.0000 29929.0000
30083.0000 29778.0000
29765.0000 29484.0000
29026.0000 29217.0000
28851.0000 28586.0000
28376.0000 28551.0000
28475.0000 28214.0000
27917.0000 27837.0000
27704.0000 27507.0000
27271.0000 27469.0000
27133.0000 27235.0000
26884.0000 27063.0000
26789.0000 26785.0000
26471.0000 26221.0000
26544.0000 26296.0000
26172.0000 25871.0000
25502.0000 26014.0000
25640.0000 25789.0000
25306.0000 25614.0000
25018.0000 25412.0000
25177.0000 25290.0000
24899.0000 24936.0000
24810.0000 24653.0000
24289.0000 24570.0000
24131.0000 24538.0000
24204.0000 24215.0000
24399.0000 23935.0000
24171.0000 23890.0000
23617.0000 23523.0000
23520.0000 23405.0000
23631.0000 23241.0000
22767.0000 23221.0000
23037.0000 23047.0000
22881.0000 22871.0000
22971.0000 22876.0000
22681.0000 22334.0000
22647.0000 22480.0000
22370.0000 22393.0000
22262.0000 22455.0000
22210.0000 21951.0000
21739.0000 21929.0000
21899.0000 21914.0000
21605.0000 21995.0000
21703.0000 21872.0000
21320.0000 21708.0000
21438.0000 21493.0000
21452.0000 21159.0000
21251.0000 21267.0000
21442.0000 20889.0000
21237.0000 20696.0000
20868.0000 20897.0000
20875.0000 20695.0000
20686.0000 20460.0000
20381.0000 20369.0000
20383.0000 20716.0000
20239.0000 20295.0000
20160.0000 20434.0000
20053.0000 20150.0000
20350.0000 20161.0000
20112.0000 20000.0000
19975.0000 19776.0000
20005.0000 19780.0000
19759.0000 19687.0000
19690.0000 19412.0000
19476.0000 19445.0000
19674.0000 19663.0000
19435.0000 19550.0000
19593.0000 19257.0000
19309.0000 18867.0000
19164.0000 19100.0000
19091.0000 19018.0000
18992.0000 19079.0000
19000.0000 19039.0000
18739.0000 19098.0000
18847.0000 18841.0000
18907.0000 18956.0000
18776.0000 18727.0000
18639.0000 18822.0000
18690.0000 18421.0000
18482.0000 18581.0000
18715.0000 18571.0000
18385.0000 18613.0000
18261.0000 18417.0000
18269.0000 18501.0000
18182.0000 18368.0000
18048.0000 18127.0000
18210.0000 18329.0000
18232.0000 18149.0000
17811.0000 18013.0000
17899.0000 17893.0000
17907.0000 18067.0000
17720.0000 17711.0000
17511.0000 17751.0000
17740.0000 17909.0000
17443.0000 17751.0000
17581.0000 17680.0000
17683.0000 17641.0000
17664.0000 17407.0000
17519.0000 17316.0000
17397.0000 17429.0000
17508.0000 17359.0000
17518.0000 17565.0000
17355.0000 17285.0000
17117.0000 17374.0000
17242.0000 17288.0000
17239.0000 17186.0000
17089.0000 17237.0000
17170.0000 17107.0000
17080.0000 17171.0000
17038.0000 17024.0000
17003.0000 17066.0000
16932.0000 16973.0000
16989.0000 16772.0000
16859.0000 16809.0000
16831.0000 16998.0000
17041.0000 16782.0000
16766.0000 16909.0000
16783.0000 16801.0000
16891.0000 16398.0000
16531.0000 16583.0000
16794.0000 16666.0000
16726.0000 16810.0000
16616.0000 16730.0000
16506.0000 16452.0000
16356.0000 16520.0000
16605.0000 16486.0000
16435.0000 16343.0000
16440.0000 16317.0000
16495.0000 16353.0000
16271.0000 16366.0000
16471.0000 16527.0000
16256.0000 16467.0000
16361.0000 16420.0000
16347.0000 16361.0000
16141.0000 16165.0000
16125.0000 16098.0000
