 1761.0000
58572.0000
132438.0000
104638.0000
82646.0000
70774.0000
62644.0000
55791.0000
50983.0000
47033.0000
43690.0000
41149.0000
38896.0000
36506.0000
34771.0000
33233.0000
31719.0000
30289.0000
29548.0000
28493.0000
27336.0000
26412.0000
25820.0000
25029.0000
24062.0000
23424.0000
22831.0000
22159.0000
21748.0000
21099.0000
20636.0000
20254.0000
19592.0000
19170.0000
18797.0000
18443.0000
18167.0000
17619.0000
17562.0000
16974.0000
17050.0000
16631.0000
16535.0000
16055.0000
15929.0000
15650.0000
15597.0000
15176.0000
15059.0000
14820.0000
14514.0000
14498.0000
14187.0000
14095.0000
13652.0000
13675.0000
13419.0000
13644.0000
13146.0000
13117.0000
12836.0000
12642.0000
12608.0000
12382.0000
12514.0000
12219.0000
12078.0000
11900.0000
11897.0000
11877.0000
11708.0000
11313.0000
11512.0000
11164.0000
11209.0000
11143.0000
10955.0000
10791.0000
10896.0000
10736.0000
10593.0000
10604.0000
10387.0000
10326.0000
10490.0000
10146.0000
10048.0000
 9855.0000
 9882.0000
 9871.0000
 9820.0000
 9862.0000
 9831.0000
 9699.0000
 9576.0000
 9562.0000
 9393.0000
 9175.0000
 9297.0000
 9274.0000
 8957.0000
 9028.0000
 8878.0000
 9044.0000
 8917.0000
 8864.0000
 8750.0000
 8611.0000
 8746.0000
 8724.0000
 8392.0000
 8600.0000
 8547.0000
 8559.0000
 8287.0000
 8395.0000
 8275.0000
 8458.0000
 8386.0000
 8219.0000
 8024.0000
 8150.0000
 7995.0000
 8042.0000
 7883.0000
 7792.0000
 7938.0000
 7904.0000
 7787.0000
 7720.0000
 7733.0000
 7876.0000
 7697.0000
 7596.0000
 7627.0000
 7552.0000
 7504.0000
 7393.0000
 7559.0000
 7423.0000
 7542.0000
 7479.0000
 7283.0000
 7205.0000
 7323.0000
 7193.0000
 7110.0000
 7233.0000
 7146.0000
 7303.0000
 7070.0000
 7025.0000
 6966.0000
 6948.0000
 6918.0000
 7010.0000
 6876.0000
 6813.0000
 6715.0000
 6918.0000
 6801.0000
 6848.0000
 6722.0000
 6529.0000
 6729.0000
 6717.0000
 6526.0000
 6639.0000
 6457.0000
 6615.0000
 6497.0000
 6462.0000
 6500.0000
 6453.0000
 6420.0000
 6466.0000
 6439.0000
 6296.0000
 6389.0000
 6226.0000
 6412.0000
 6320.0000
 6407.0000
 6157.0000
 6138.0000
 6237.0000
 6204.0000
 6019.0000
 6050.0000
 6180.0000
 5988.0000
 5858.0000
 6079.0000
 5908.0000
 6069.0000
 5892.0000
 6016.0000
 5887.0000
 5916.0000
 5896.0000
 5841.0000
 5808.0000
 5855.0000
 5968.0000
 5903.0000
 5658.0000
 5762.0000
 5843.0000
 5822.0000
 5766.0000
 5646.0000
 5841.0000
 5618.0000
 5600.0000
 5589.0000
 5728.0000
 5659.0000
 5623.0000
 5494.0000
 5651.0000
 5577.0000
 5419.0000
 5593.0000
 5505.0000
 5421.0000
 5598.0000
 5540.0000
 5374.0000
 5350.0000
 5399.0000
 5356.0000
 5382.0000
 5383.0000
 5348.0000
 5366.0000
 5382.0000
 5304.0000
 5210.0000
 5297.0000
 5193.0000
 5359.0000
 5211.0000
 5303.0000
 5173.0000
 5176.0000
 5115.0000
 5124.0000
 5099.0000
 5263.0000
 5177.0000
 5110.0000
 5086.0000
 5122.0000
 5026.0000
 4891.0000
 5025.0000
 5146.0000
 4937.0000
 4966.0000
 4974.0000
 5072.0000
 4891.0000
 5163.0000
 4995.0000
 4895.0000
 4855.0000
 4881.0000
 4880.0000
 4819.0000
 4867.0000
 4907.0000
 4763.0000
 4929.0000
 4765.0000
 4860.0000
 4923.0000
 4848.0000
 4818.0000
 4723.0000
 4762.0000
 4842.0000
 4732.0000
 4703.0000
 4728.0000
 4762.0000
 4722.0000
 4774.0000
 4680.0000
 4588.0000
 4615.0000
 4554.0000
 4667.0000
 4684.0000
 4601.0000
 4621.0000
 4692.0000
 4672.0000
 4486.0000
 4592.0000
 4567.0000
 4520.0000
 4444.0000
 4467.0000
 4475.0000
 4439.0000
 4517.0000
 4456.0000
 4456.0000
 4491.0000
 4475.0000
 4429.0000
 4395.0000
 4559.0000
 4429.0000
 4368.0000
 4416.0000
 4394.0000
 4415.0000
 4446.0000
 4426.0000
 4295.0000
 4370.0000
 4249.0000
 4282.0000
 4436.0000
 4352.0000
 4337.0000
 4272.0000
 4328.0000
 4379.0000
 4299.0000
 4293.0000
 4258.0000
 4240.0000
 4348.0000
 4348.0000
 4178.0000
 4146.0000
 4259.0000
 4237.0000
 4215.0000
 4173.0000
 4177.0000
 4133.0000
 4116.0000
 4172.0000
 4155.0000
 4255.0000
 4193.0000
 4082.0000
 4246.0000
 4153.0000
 4129.0000
 4049.0000
 4213.0000
 4171.0000
 4120.0000
 4141.0000
 4104.0000
 4107.0000
 4099.0000
 4040.0000
 4018.0000
 4023.0000
 4087.0000
 4065.0000
 4035.0000
 4111.0000
 3912.0000
 3992.0000
 4036.0000
 3960.0000
 3933.0000
 3914.0000
 4076.0000
 3937.0000
 3849.0000
 3852.0000
 3952.0000
 4001.0000
 3982.0000
 3941.0000
 3874.0000
 3803.0000
 3803.0000
 3943.0000
 3848.0000
 3896.0000
 3895.0000
 3874.0000
 3874.0000
 3912.0000
 3841.0000
 3848.0000
 3861.0000
 3814.0000
 3733.0000
 3870.0000
 3946.0000
 3761.0000
 3811.0000
 3833.0000
 3679.0000
 3867.0000
 3643.0000
 3774.0000
 3722.0000
 3746.0000
 3783.0000
 3762.0000
 3776.0000
 3608.0000
 3752.0000
 3729.0000
 3739.0000
 3736.0000
 3721.0000
 3644.0000
 3758.0000
 3600.0000
 3735.0000
 3681.0000
 3733.0000
 3731.0000
 3597.0000
 3574.0000
 3629.0000
 3628.0000
 3728.0000
 3598.0000
 3635.0000
 3707.0000
 3714.0000
 3593.0000
 3604.0000
 3626.0000
 3563.0000
 3542.0000
 3581.0000
 3533.0000
 3623.0000
 3468.0000
 3602.0000
 3585.0000
 3548.0000
 3460.0000
 3539.0000
 3496.0000
 3495.0000
 3538.0000
 3493.0000
 3468.0000
 3481.0000
 3566.0000
 3570.0000
 3546.0000
 3464.0000
 3558.0000
 3499.0000
 3644.0000
 3444.0000
 3432.0000
 3461.0000
 3514.0000
 3397.0000
 3454.0000
 3456.0000
 3422.0000
 3467.0000
 3483.0000
 3426.0000
 3423.0000
 3481.0000
 3501.0000
 3447.0000
 3466.0000
 3382.0000
 3549.0000
 3361.0000
 3435.0000
 3485.0000
 3344.0000
 3329.0000
 3338.0000
 3376.0000
 3298.0000
 3393.0000
 3319.0000
 3377.0000
 3377.0000
 3363.0000
 3309.0000
 3342.0000
 3413.0000
 3362.0000
 3305.0000
 3252.0000
 3321.0000
 3348.0000
 3252.0000
 3303.0000
 3223.0000
 3368.0000
 3346.0000
 3271.0000
 3301.0000
 3360.0000
 3181.0000
 3217.0000
 3297.0000
 3255.0000
 3359.0000
 3252.0000
 3322.0000
 3225.0000
 3252.0000
 3187.0000
 3281.0000
 3291.0000
 3214.0000
 3281.0000
 3147.0000
 3228.0000
 3274.0000
 3127.0000
 3242.0000
 3155.0000
 3148.0000
 3142.0000
 3117.0000
 3137.0000
 3173.0000
 3152.0000
 3114.0000
 3188.0000
 3231.0000
 3189.0000
 3220.0000
 3174.0000
 3134.0000
 3242.0000
 3107.0000
 3083.0000
 3179.0000
 3029.0000
 3119.0000
 3116.0000
 3104.0000
 3074.0000
 3149.0000
 3130.0000
 3219.0000
 3083.0000
 3126.0000
 3054.0000
 3040.0000
 3096.0000
 3077.0000
 3107.0000
 3059.0000
 3086.0000
 3111.0000
 3013.0000
 2978.0000
 2893.0000
 3059.0000
 3117.0000
 3146.0000
 3031.0000
 3063.0000
 3053.0000
 3155.0000
 3023.0000
 3054.0000
 2982.0000
 3060.0000
 3143.0000
 3087.0000
 3053.0000
 2969.0000
 3018.0000
 3035.0000
 2992.0000
 2985.0000
 3085.0000
 3054.0000
 3080.0000
 2979.0000
 2965.0000
 2942.0000
 3058.0000
 3076.0000
 3004.0000
 2887.0000
 3041.0000
 3043.0000
 3091.0000
 2981.0000
 2981.0000
 2921.0000
 2960.0000
 3087.0000
 3024.0000
 2974.0000
 2984.0000
 2927.0000
 2932.0000
 2981.0000
 2969.0000
 2927.0000
 2882.0000
 2904.0000
 2996.0000
 2943.0000
 2874.0000
 2955.0000
 2974.0000
 2804.0000
 2850.0000
 2844.0000
 2847.0000
 2973.0000
 2881.0000
 2905.0000
 2861.0000
 2957.0000
 2806.0000
 2847.0000
 2871.0000
 2903.0000
 2891.0000
 2780.0000
 2890.0000
 2827.0000
 2891.0000
 2768.0000
 2842.0000
 2758.0000
 2888.0000
 2841.0000
 2911.0000
 2877.0000
 2795.0000
 2957.0000
 2770.0000
 2804.0000
 2883.0000
 2828.0000
 2810.0000
 2840.0000
 2795.0000
 2799.0000
 2813.0000
 2876.0000
 2831.0000
 2768.0000
 2709.0000
 2828.0000
 2790.0000
 2708.0000
 2751.0000
 2774.0000
 2826.0000
 2753.0000
 2726.0000
 2796.0000
 2730.0000
 2796.0000
 2730.0000
 2822.0000
 2779.0000
 2767.0000
 2791.0000
 2669.0000
 2756.0000
 2719.0000
 2698.0000
 2801.0000
 2647.0000
 2644.0000
 2716.0000
 2699.0000
 2712.0000
 2688.0000
 2709.0000
 2640.0000
 2713.0000
 2825.0000
 2716.0000
 2715.0000
 2717.0000
 2696.0000
 2581.0000
 2715.0000
 2721.0000
 2668.0000
 2634.0000
 2778.0000
 2769.0000
 2605.0000
 2661.0000
 2710.0000
 2633.0000
 2686.0000
 2654.0000
 2690.0000
 2775.0000
 2619.0000
 2686.0000
 2675.0000
 2730.0000
 2641.0000
 2638.0000
 2662.0000
 2668.0000
 2644.0000
 2655.0000
 2640.0000
 2569.0000
 2624.0000
 2613.0000
 2654.0000
 2698.0000
 2684.0000
 2672.0000
 2625.0000
 2617.0000
 2669.0000
 2682.0000
 2630.0000
 2660.0000
 2571.0000
 2574.0000
 2598.0000
 2593.0000
 2528.0000
 2627.0000
 2656.0000
 2681.0000
 2684.0000
 2554.0000
 2582.0000
 2606.0000
 2524.0000
 2574.0000
 2476.0000
 2539.0000
 2491.0000
 2600.0000
 2556.0000
 2632.0000
 2615.0000
 2604.0000
 2595.0000
 2586.0000
 2521.0000
 2426.0000
 2644.0000
 2532.0000
 2485.0000
 2501.0000
 2611.0000
 2507.0000
 2598.0000
 2498.0000
 2510.0000
 2553.0000
 2561.0000
 2540.0000
 2427.0000
 2514.0000
 2483.0000
 2560.0000
 2534.0000
 2487.0000
 2465.0000
 2453.0000
 2558.0000
 2516.0000
 2448.0000
 2528.0000
 2552.0000
 2480.0000
 2456.0000
 2476.0000
 2548.0000
 2504.0000
 2527.0000
 2510.0000
 2596.0000
 2439.0000
 2574.0000
 2496.0000
 2523.0000
 2430.0000
 2458.0000
 2503.0000
 2500.0000
 2466.0000
 2510.0000
 2500.0000
 2472.0000
 2525.0000
 2481.0000
 2529.0000
 2408.0000
 2491.0000
 2481.0000
 2414.0000
 2509.0000
 2411.0000
 2502.0000
 2359.0000
 2474.0000
 2416.0000
 2492.0000
 2456.0000
 2382.0000
 2430.0000
 2367.0000
 2442.0000
 2463.0000
 2380.0000
 2464.0000
 2457.0000
 2454.0000
 2318.0000
 2399.0000
 2382.0000
 2372.0000
 2390.0000
 2486.0000
 2327.0000
 2420.0000
 2402.0000
 2460.0000
 2411.0000
 2474.0000
 2333.0000
 2501.0000
 2417.0000
 2383.0000
 2367.0000
 2466.0000
 2380.0000
 2494.0000
 2478.0000
 2488.0000
 2448.0000
 2478.0000
 2475.0000
 2427.0000
 2437.0000
 2340.0000
 2360.0000
 2452.0000
 2402.0000
 2388.0000
 2423.0000
 2467.0000
 2444.0000
 2378.0000
 2381.0000
 2302.0000
 2350.0000
 2276.0000
 2325.0000
 2294.0000
 2537.0000
 2330.0000
 2310.0000
 2493.0000
 2298.0000
 2300.0000
 2285.0000
 2366.0000
 2323.0000
 2396.0000
 2385.0000
 2364.0000
 2427.0000
 2389.0000
 2436.0000
 2298.0000
 2333.0000
 2328.0000
 2384.0000
 2354.0000
 2407.0000
 2275.0000
 2315.0000
 2358.0000
 2291.0000
 2227.0000
 2278.0000
 2279.0000
 2240.0000
 2253.0000
 2207.0000
 2319.0000
 2325.0000
 2291.0000
 2289.0000
 2383.0000
 2216.0000
 2315.0000
 2265.0000
 2376.0000
 2334.0000
 2243.0000
 2202.0000
 2319.0000
 2260.0000
 2258.0000
 2345.0000
 2314.0000
 2285.0000
 2336.0000
 2302.0000
 2260.0000
 2289.0000
 2323.0000
 2315.0000
 2338.0000
 2253.0000
 2287.0000
 2288.0000
 2256.0000
 2388.0000
 2234.0000
 2299.0000
 2289.0000
 2236.0000
 2222.0000
 2334.0000
 2241.0000
 2228.0000
 2248.0000
 2317.0000
 2267.0000
 2255.0000
 2268.0000
 2327.0000
 2263.0000
 2261.0000
 2173.0000
 2249.0000
 2269.0000
 2283.0000
 2299.0000
 2220.0000
 2192.0000
 2223.0000
 2141.0000
 2242.0000
 2194.0000
 2293.0000
 2249.0000
 2300.0000
 2316.0000
 2183.0000
 2244.0000
 2231.0000
 2172.0000
 2244.0000
 2289.0000
 2186.0000
 2242.0000
 2129.0000
 2342.0000
 2316.0000
 2178.0000
 2237.0000
 2225.0000
 2199.0000
 2166.0000
 2228.0000
 2258.0000
 2211.0000
 2192.0000
 2235.0000
 2164.0000
 2180.0000
 2123.0000
 2233.0000
 2176.0000
 2182.0000
 2220.0000
 2085.0000
 2141.0000
 2190.0000
 2235.0000
 2253.0000
 2255.0000
 2224.0000
 2131.0000
 2190.0000
 2108.0000
 2172.0000
 2141.0000
 2106.0000
 2226.0000
 2167.0000
 2155.0000
 2132.0000
 2195.0000
 2143.0000
 2206.0000
 2152.0000
 2123.0000
 2166.0000
 2243.0000
 2136.0000
 2192.0000
 2228.0000
 2151.0000
 2115.0000
 2152.0000
 2148.0000
 2172.0000
 2080.0000
 2185.0000
 2107.0000
 2141.0000
 2091.0000
 2168.0000
 2130.0000
 2120.0000
 2154.0000
 2144.0000
 2136.0000
 2074.0000
 2210.0000
 2104.0000
 2117.0000
 2180.0000
 2143.0000
 2159.0000
 2163.0000
 2152.0000
 2121.0000
 2237.0000
 2178.0000
 2109.0000
 2104.0000
 2225.0000
 2101.0000
 2075.0000
 2114.0000
 2188.0000
 2157.0000
 2175.0000
 2151.0000
 2129.0000
 2063.0000
 2077.0000
 2172.0000
 2154.0000
 2157.0000
 2016.0000
 2198.0000
 2063.0000
 2108.0000
 2188.0000
 2085.0000
 2164.0000
 2125.0000
 2137.0000
 2249.0000
 2125.0000
 2119.0000
 2119.0000
 2131.0000
 2093.0000
 2121.0000
 2157.0000
 2082.0000
 2122.0000
 2167.0000
 2126.0000
 2091.0000
 2041.0000
 2054.0000
 2068.0000
 2075.0000
 2073.0000
 2128.0000
 2175.0000
 2039.0000
 2124.0000
 2059.0000
 2108.0000
 1975.0000
 2082.0000
 2151.0000
 2103.0000
 2139.0000
 2091.0000
 2097.0000
 2070.0000
 2117.0000
 2097.0000
 2070.0000
 2093.0000
 1997.0000
 2095.0000
 2068.0000
 2067.0000
 2097.0000
 1985.0000
 2084.0000
 2000.0000
 2083.0000
 2012.0000
 2109.0000
 1944.0000
 2068.0000
 2114.0000
 1968.0000
 1999.0000
 2058.0000
 2070.0000
 1965.0000
 1998.0000
 2025.0000
 2055.0000
 2091.0000
 2053.0000
 1994.0000
 2074.0000
 2099.0000
 2007.0000
 2062.0000
 2054.0000
 1975.0000
 1911.0000
 2100.0000
 1986.0000
 2058.0000
 1987.0000
 2091.0000
 1989.0000
 2036.0000
 2008.0000
 2000.0000
 2025.0000
 1972.0000
 1968.0000
 2024.0000
 2047.0000
 1992.0000
 1902.0000
 1946.0000
 2069.0000
 2085.0000
 2017.0000
 2005.0000
 2038.0000
 2002.0000
 1997.0000
 2050.0000
 2009.0000
 2053.0000
 2044.0000
 2060.0000
 1977.0000
 2002.0000
 2041.0000
 2078.0000
 2036.0000
 1979.0000
 1999.0000
 2012.0000
 2025.0000
 2053.0000
 1995.0000
 2029.0000
 1996.0000
 2036.0000
 1988.0000
 1994.0000
 1989.0000
 1975.0000
 2067.0000
 1926.0000
 1981.0000
 2058.0000
 1971.0000
 2020.0000
 1994.0000
 2026.0000
 2005.0000
 1997.0000
 1915.0000
 2046.0000
 1968.0000
 2022.0000
 1887.0000
 2074.0000
 2065.0000
 1984.0000
 2005.0000
 1994.0000
 1941.0000
 1928.0000
 2015.0000
 1891.0000
 1970.0000
 2006.0000
 2025.0000
 1921.0000
 1998.0000
 1952.0000
 1999.0000
 1951.0000
 2033.0000
 1992.0000
 1938.0000
 1976.0000
 1930.0000
 2007.0000
 1931.0000
 1970.0000
 1906.0000
 1979.0000
 1927.0000
 1934.0000
 1932.0000
 1931.0000
 1959.0000
 1981.0000
 1971.0000
 2060.0000
 1912.0000
 1999.0000
 1948.0000
 1911.0000
 1979.0000
 1960.0000
 1953.0000
 1966.0000
 1948.0000
 1950.0000
 1995.0000
 1854.0000
 1972.0000
 1939.0000
 1923.0000
 1922.0000
 1966.0000
 1965.0000
 1923.0000
 1897.0000
 2036.0000
 1961.0000
 2018.0000
 2041.0000
 1931.0000
 1864.0000
 1957.0000
 1942.0000
 1886.0000
 1911.0000
 1949.0000
 1967.0000
 2007.0000
 1894.0000
 1992.0000
 1867.0000
 1894.0000
 1838.0000
 1899.0000
 1937.0000
 1906.0000
 1923.0000
 1942.0000
 1884.0000
 1947.0000
 1932.0000
 1956.0000
 1918.0000
 1916.0000
 1930.0000
 1852.0000
 1880.0000
 1910.0000
 2000.0000
 1968.0000
 1894.0000
 1823.0000
 1889.0000
 1987.0000
 1965.0000
 1936.0000
 1885.0000
 1932.0000
 1897.0000
 1895.0000
 1749.0000
 1857.0000
 1880.0000
 1877.0000
 1965.0000
 1935.0000
 1948.0000
 1880.0000
 1843.0000
 1898.0000
 1927.0000
 1847.0000
 1788.0000
 1849.0000
 1842.0000
 1914.0000
 1885.0000
 1912.0000
 1875.0000
 1893.0000
 1884.0000
 1897.0000
 1815.0000
 1941.0000
 1860.0000
 1870.0000
 1865.0000
 1858.0000
 1912.0000
 1895.0000
 1848.0000
 1983.0000
 1907.0000
 1919.0000
 1904.0000
 1866.0000
 1928.0000
 1826.0000
 1854.0000
 1916.0000
 1930.0000
 1857.0000
 1882.0000
 1939.0000
 1906.0000
 1889.0000
 1843.0000
 1808.0000
 1895.0000
 1922.0000
 1811.0000
 1881.0000
 1867.0000
 1896.0000
 1814.0000
 1858.0000
 1847.0000
 1840.0000
 1859.0000
 1882.0000
 1920.0000
 1856.0000
 1928.0000
 1875.0000
 1856.0000
 1845.0000
 1914.0000
 1836.0000
 1885.0000
 1830.0000
 1847.0000
 1874.0000
 1836.0000
 1877.0000
 1937.0000
 1850.0000
 1934.0000
 1822.0000
 1772.0000
 1826.0000
 1841.0000
 1787.0000
 1823.0000
 1916.0000
 1903.0000
 1866.0000
 1848.0000
 1936.0000
 1866.0000
 1786.0000
 1826.0000
 1945.0000
 1890.0000
 1849.0000
 1796.0000
 1839.0000
 1829.0000
 1815.0000
 1864.0000
 1823.0000
 1880.0000
 1800.0000
 1893.0000
 1840.0000
 1807.0000
 1763.0000
 1866.0000
 1858.0000
 1820.0000
 1740.0000
 1814.0000
 1860.0000
 1836.0000
 1839.0000
 1813.0000
 1871.0000
 1824.0000
 1818.0000
 1754.0000
 1811.0000
 1869.0000
 1834.0000
 1803.0000
 1825.0000
 1748.0000
 1786.0000
 1792.0000
 1862.0000
 1902.0000
 1828.0000
 1880.0000
 1756.0000
 1891.0000
 1787.0000
 1845.0000
 1790.0000
 1788.0000
 1801.0000
 1817.0000
 1767.0000
 1769.0000
 1793.0000
 1791.0000
 1864.0000
 1831.0000
 1816.0000
 1931.0000
 1741.0000
 1812.0000
 1854.0000
 1800.0000
 1770.0000
 1932.0000
 1769.0000
 1825.0000
 1838.0000
 1835.0000
 1827.0000
 1810.0000
 1791.0000
 1795.0000
 1810.0000
 1822.0000
 1825.0000
 1739.0000
 1777.0000
 1827.0000
 1753.0000
 1787.0000
 1715.0000
 1787.0000
 1779.0000
 1816.0000
 1803.0000
 1838.0000
 1782.0000
 1749.0000
 1789.0000
 1768.0000
 1784.0000
 1754.0000
 1816.0000
 1817.0000
 1750.0000
 1800.0000
 1882.0000
 1768.0000
 1828.0000
 1758.0000
 1727.0000
 1798.0000
 1779.0000
 1800.0000
 1777.0000
 1758.0000
 1757.0000
 1752.0000
 1759.0000
 1794.0000
 1736.0000
 1847.0000
 1740.0000
 1737.0000
 1783.0000
 1846.0000
 1779.0000
 1684.0000
 1680.0000
 1805.0000
 1701.0000
 1819.0000
 1677.0000
 1794.0000
 1760.0000
 1815.0000
 1780.0000
 1816.0000
 1768.0000
 1751.0000
 1819.0000
 1735.0000
 1702.0000
 1768.0000
 1738.0000
 1742.0000
 1661.0000
 1788.0000
 1804.0000
 1741.0000
 1774.0000
 1695.0000
 1732.0000
 1726.0000
 1736.0000
 1766.0000
 1766.0000
 1777.0000
 1756.0000
 1746.0000
 1767.0000
 1786.0000
 1755.0000
 1811.0000
 1807.0000
 1742.0000
 1808.0000
 1752.0000
 1789.0000
 1781.0000
 1750.0000
 1745.0000
 1698.0000
 1775.0000
 1708.0000
 1816.0000
 1743.0000
 1760.0000
 1762.0000
 1761.0000
 1808.0000
 1775.0000
 1756.0000
 1822.0000
 1799.0000
 1751.0000
 1745.0000
 1662.0000
 1763.0000
 1762.0000
 1732.0000
 1748.0000
 1735.0000
 1739.0000
 1757.0000
 1723.0000
 1740.0000
 1779.0000
 1662.0000
 1760.0000
 1725.0000
 1755.0000
 1757.0000
 1816.0000
 1674.0000
 1788.0000
 1778.0000
 1786.0000
 1745.0000
 1674.0000
 1775.0000
 1690.0000
 1782.0000
 1740.0000
 1699.0000
 1752.0000
 1778.0000
 1704.0000
 1787.0000
 1784.0000
 1685.0000
 1795.0000
 1794.0000
 1698.0000
 1795.0000
 1736.0000
 1684.0000
 1766.0000
 1680.0000
 1714.0000
 1831.0000
 1710.0000
 1741.0000
 1742.0000
 1706.0000
 1704.0000
 1710.0000
 1700.0000
 1701.0000
 1680.0000
 1709.0000
 1716.0000
 1749.0000
 1761.0000
 1687.0000
 1616.0000
 1689.0000
 1661.0000
 1741.0000
 1750.0000
 1814.0000
 1838.0000
 1685.0000
 1716.0000
 1759.0000
 1653.0000
 1781.0000
 1809.0000
 1709.0000
 1693.0000
 1664.0000
 1721.0000
 1734.0000
 1678.0000
 1768.0000
 1643.0000
 1668.0000
 1705.0000
 1714.0000
 1741.0000
 1751.0000
 1736.0000
 1685.0000
 1708.0000
 1672.0000
 1758.0000
 1756.0000
 1697.0000
 1658.0000
 1696.0000
 1696.0000
 1750.0000
 1779.0000
 1746.0000
 1675.0000
 1647.0000
 1690.0000
 1727.0000
 1718.0000
 1763.0000
 1752.0000
 1691.0000
 1671.0000
 1639.0000
 1694.0000
 1710.0000
 1727.0000
 1659.0000
 1678.0000
 1762.0000
 1710.0000
 1748.0000
 1711.0000
 1736.0000
 1717.0000
 1676.0000
 1711.0000
 1684.0000
 1665.0000
 1677.0000
 1728.0000
 1651.0000
 1758.0000
 1656.0000
 1703.0000
 1740.0000
 1675.0000
 1760.0000
 1709.0000
 1660.0000
 1687.0000
 1685.0000
 1657.0000
 1694.0000
 1678.0000
 1684.0000
 1697.0000
 1755.0000
 1715.0000
 1709.0000
 1683.0000
 1659.0000
 1715.0000
 1653.0000
 1699.0000
 1692.0000
 1671.0000
 1709.0000
 1664.0000
 1661.0000
 1711.0000
 1707.0000
 1692.0000
 1746.0000
 1627.0000
 1673.0000
 1677.0000
 1657.0000
 1642.0000
 1681.0000
 1677.0000
 1716.0000
 1735.0000
 1713.0000
 1681.0000
 1644.0000
 1753.0000
 1741.0000
 1683.0000
 1668.0000
 1678.0000
 1750.0000
 1730.0000
 1676.0000
 1740.0000
 1647.0000
 1753.0000
 1655.0000
 1661.0000
 1712.0000
 1678.0000
 1626.0000
 1618.0000
 1621.0000
 1681.0000
 1751.0000
 1712.0000
 1671.0000
 1638.0000
 1643.0000
 1625.0000
 1722.0000
 1719.0000
 1741.0000
 1676.0000
 1715.0000
 1661.0000
 1663.0000
 1647.0000
 1670.0000
 1720.0000
 1650.0000
 1748.0000
 1587.0000
 1635.0000
 1664.0000
 1733.0000
 1673.0000
 1612.0000
 1694.0000
 1576.0000
 1692.0000
 1665.0000
 1731.0000
 1751.0000
 1660.0000
 1618.0000
 1675.0000
 1671.0000
 1671.0000
 1734.0000
 1616.0000
 1667.0000
 1653.0000
 1667.0000
 1707.0000
 1722.0000
 1690.0000
 1681.0000
 1726.0000
 1575.0000
 1603.0000
 1702.0000
 1579.0000
 1668.0000
 1679.0000
 1649.0000
 1655.0000
 1700.0000
 1687.0000
 1691.0000
 1643.0000
 1665.0000
 1644.0000
 1663.0000
 1698.0000
 1642.0000
 1661.0000
 1643.0000
 1610.0000
 1636.0000
 1695.0000
 1614.0000
 1631.0000
 1664.0000
 1661.0000
 1692.0000
 1632.0000
 1584.0000
 1588.0000
 1581.0000
 1655.0000
 1668.0000
 1665.0000
 1674.0000
 1681.0000
 1650.0000
 1684.0000
 1632.0000
 1636.0000
 1637.0000
 1683.0000
 1663.0000
 1653.0000
 1670.0000
 1716.0000
 1654.0000
 1665.0000
 1590.0000
 1610.0000
 1674.0000
 1614.0000
 1589.0000
 1605.0000
 1621.0000
 1639.0000
 1608.0000
 1639.0000
 1739.0000
 1715.0000
 1596.0000
 1625.0000
 1653.0000
 1711.0000
 1654.0000
 1603.0000
 1643.0000
 1639.0000
 1648.0000
 1576.0000
 1591.0000
 1709.0000
 1721.0000
 1547.0000
 1603.0000
 1658.0000
 1631.0000
 1646.0000
 1674.0000
 1639.0000
 1629.0000
 1621.0000
 1623.0000
 1620.0000
 1605.0000
 1667.0000
 1593.0000
 1662.0000
 1639.0000
 1684.0000
 1689.0000
 1695.0000
 1617.0000
 1670.0000
 1637.0000
 1585.0000
 1758.0000
 1620.0000
 1620.0000
 1661.0000
 1574.0000
 1621.0000
 1510.0000
 1597.0000
 1679.0000
 1712.0000
 1589.0000
 1660.0000
 1602.0000
 1618.0000
 1666.0000
 1615.0000
 1623.0000
 1620.0000
 1610.0000
 1585.0000
 1634.0000
 1597.0000
 1644.0000
 1646.0000
 1621.0000
 1604.0000
 1786.0000
 1655.0000
 1595.0000
 1644.0000
 1591.0000
 1620.0000
 1631.0000
 1530.0000
 1593.0000
 1641.0000
 1641.0000
 1625.0000
 1614.0000
 1582.0000
 1644.0000
 1572.0000
 1602.0000
 1601.0000
 1636.0000
 1644.0000
 1605.0000
 1651.0000
 1518.0000
 1623.0000
 1541.0000
 1613.0000
 1641.0000
 1615.0000
 1575.0000
 1665.0000
 1568.0000
 1677.0000
 1548.0000
 1599.0000
 1660.0000
 1682.0000
 1560.0000
 1659.0000
 1593.0000
 1658.0000
 1632.0000
 1644.0000
 1614.0000
 1625.0000
 1605.0000
 1641.0000
 1623.0000
 1590.0000
 1610.0000
 1617.0000
 1665.0000
 1634.0000
 1692.0000
 1593.0000
 1534.0000
 1610.0000
 1583.0000
 1607.0000
 1580.0000
 1554.0000
 1639.0000
 1657.0000
 1627.0000
 1575.0000
 1590.0000
 1598.0000
 1681.0000
 1608.0000
 1628.0000
 1535.0000
 1638.0000
 1649.0000
 1611.0000
 1592.0000
 1647.0000
 1673.0000
 1654.0000
 1649.0000
 1610.0000
 1618.0000
 1609.0000
 1613.0000
 1597.0000
 1574.0000
 1586.0000
 1650.0000
 1596.0000
 1592.0000
 1588.0000
 1545.0000
 1561.0000
 1553.0000
 1665.0000
 1551.0000
 1612.0000
 1609.0000
 1624.0000
 1586.0000
 1548.0000
 1524.0000
 1724.0000
 1561.0000
 1589.0000
 1623.0000
 1570.0000
 1565.0000
 1560.0000
 1581.0000
 1614.0000
 1625.0000
 1606.0000
 1617.0000
 1612.0000
 1590.0000
 1557.0000
 1556.0000
 1659.0000
 1574.0000
 1665.0000
 1559.0000
 1579.0000
 1567.0000
 1628.0000
 1601.0000
 1621.0000
 1542.0000
 1572.0000
 1538.0000
 1604.0000
 1596.0000
 1581.0000
 1593.0000
 1643.0000
 1628.0000
 1567.0000
 1604.0000
 1666.0000
 1561.0000
 1631.0000
 1601.0000
 1544.0000
 1643.0000
 1577.0000
 1643.0000
 1568.0000
 1608.0000
 1538.0000
 1458.0000
 1602.0000
 1580.0000
 1572.0000
 1596.0000
 1496.0000
 1578.0000
 1614.0000
 1569.0000
 1636.0000
 1578.0000
 1592.0000
 1567.0000
 1595.0000
 1517.0000
 1518.0000
 1584.0000
 1602.0000
 1566.0000
 1564.0000
 1564.0000
 1601.0000
 1579.0000
 1532.0000
 1634.0000
 1642.0000
 1583.0000
 1565.0000
 1545.0000
 1510.0000
 1586.0000
 1609.0000
 1609.0000
 1649.0000
 1561.0000
 1561.0000
 1589.0000
 1534.0000
20063.0000
111235.0000
122858.0000
90196.0000
74941.0000
65137.0000
58463.0000
53111.0000
48312.0000
44950.0000
42351.0000
39591.0000
37268.0000
35563.0000
33918.0000
32194.0000
31346.0000
29443.0000
28864.0000
27880.0000
26981.0000
26004.0000
25080.0000
24823.0000
23733.0000
23015.0000
22361.0000
21862.0000
21354.0000
20839.0000
20500.0000
20038.0000
19429.0000
19502.0000
18492.0000
18432.0000
17917.0000
17527.0000
17427.0000
16917.0000
16922.0000
16445.0000
16385.0000
16041.0000
15642.0000
15751.0000
15090.0000
15176.0000
14731.0000
14647.0000
14545.0000
14469.0000
13921.0000
13825.0000
13749.0000
13599.0000
13426.0000
13361.0000
12949.0000
12992.0000
12884.0000
12763.0000
12491.0000
12383.0000
12447.0000
12025.0000
11939.0000
11922.0000
11789.0000
11662.0000
11411.0000
11460.0000
11615.0000
11182.0000
11153.0000
11088.0000
11233.0000
10933.0000
10650.0000
10551.0000
10600.0000
10509.0000
10413.0000
10362.0000
10358.0000
10226.0000
10117.0000
 9944.0000
 9889.0000
 9881.0000
 9960.0000
 9762.0000
 9687.0000
 9568.0000
 9508.0000
 9458.0000
 9400.0000
 9270.0000
 9225.0000
 9302.0000
 9091.0000
 9217.0000
 9102.0000
 8962.0000
 8942.0000
 8868.0000
 8681.0000
 8861.0000
 8618.0000
 8502.0000
 8587.0000
 8682.0000
 8513.0000
 8458.0000
 8300.0000
 8393.0000
 8321.0000
 8241.0000
 8115.0000
 8220.0000
 7946.0000
 8036.0000
 8195.0000
 8046.0000
 7824.0000
 7959.0000
 7746.0000
 7761.0000
 7817.0000
 7721.0000
 7577.0000
 7701.0000
 7642.0000
 7588.0000
 7467.0000
 7426.0000
 7388.0000
 7465.0000
 7455.0000
 7475.0000
 7497.0000
 7430.0000
 7404.0000
 7366.0000
 7389.0000
 7194.0000
 7204.0000
 7309.0000
 7091.0000
 6880.0000
 6920.0000
 7080.0000
 7039.0000
 6925.0000
 6831.0000
 7022.0000
 6845.0000
 6815.0000
 6795.0000
 6724.0000
 6775.0000
 6773.0000
 6577.0000
 6694.0000
 6593.0000
 6612.0000
 6693.0000
 6594.0000
 6595.0000
 6618.0000
 6471.0000
 6512.0000
 6379.0000
 6468.0000
 6415.0000
 6405.0000
 6278.0000
 6319.0000
 6313.0000
 6399.0000
 6225.0000
 6083.0000
 6222.0000
 6165.0000
 6225.0000
 6085.0000
 6112.0000
 6060.0000
 6127.0000
 6089.0000
 6031.0000
 5963.0000
 6036.0000
 6087.0000
 6023.0000
 5981.0000
 5952.0000
 5915.0000
 5835.0000
 5881.0000
 5776.0000
 5690.0000
 5864.0000
 5751.0000
 5920.0000
 5722.0000
 5822.0000
 5789.0000
 5793.0000
 5626.0000
 5557.0000
 5657.0000
 5539.0000
 5719.0000
 5541.0000
 5583.0000
 5574.0000
 5420.0000
 5520.0000
 5523.0000
 5492.0000
 5473.0000
 5361.0000
 5547.0000
 5291.0000
 5539.0000
 5333.0000
 5403.0000
 5362.0000
 5367.0000
 5243.0000
 5355.0000
 5476.0000
 5311.0000
 5247.0000
 5372.0000
 5273.0000
 5274.0000
 5267.0000
 5259.0000
 5141.0000
 5348.0000
 5223.0000
 5238.0000
 5062.0000
 5178.0000
 5142.0000
 5147.0000
 5116.0000
 5170.0000
 5237.0000
 5022.0000
 5060.0000
 4982.0000
 4961.0000
 5055.0000
 5181.0000
 4986.0000
 5052.0000
 4992.0000
 5052.0000
 4979.0000
 5002.0000
 4937.0000
 4915.0000
 4914.0000
 4872.0000
 4797.0000
 4829.0000
 4894.0000
 4883.0000
 4880.0000
 4684.0000
 4849.0000
 4833.0000
 4719.0000
 4698.0000
 4783.0000
 4763.0000
 4720.0000
 4718.0000
 4884.0000
 4727.0000
 4712.0000
 4701.0000
 4767.0000
 4671.0000
 4768.0000
 4673.0000
 4713.0000
 4603.0000
 4569.0000
 4625.0000
 4668.0000
 4463.0000
 4648.0000
 4572.0000
 4545.0000
 4564.0000
 4485.0000
 4454.0000
 4580.0000
 4554.0000
 4467.0000
 4593.0000
 4542.0000
 4520.0000
 4498.0000
 4420.0000
 4504.0000
 4448.0000
 4579.0000
 4461.0000
 4490.0000
 4370.0000
 4373.0000
 4403.0000
 4356.0000
 4396.0000
 4438.0000
 4318.0000
 4217.0000
 4235.0000
 4392.0000
 4304.0000
 4421.0000
 4300.0000
 4359.0000
 4174.0000
 4349.0000
 4271.0000
 4334.0000
 4175.0000
 4241.0000
 4320.0000
 4264.0000
 4281.0000
 4100.0000
 4174.0000
 4235.0000
 4271.0000
 4031.0000
 4240.0000
 4041.0000
 4164.0000
 4156.0000
 4180.0000
 4069.0000
 3952.0000
 4200.0000
 4087.0000
 4132.0000
 4200.0000
 4113.0000
 4041.0000
 4018.0000
 4086.0000
 4037.0000
 4023.0000
 4099.0000
 4208.0000
 4114.0000
 4123.0000
 4191.0000
 4020.0000
 4043.0000
 4082.0000
 4174.0000
 4119.0000
 3910.0000
 3965.0000
 3920.0000
 4017.0000
 3868.0000
 3902.0000
 3947.0000
 4014.0000
 3941.0000
 3923.0000
 3837.0000
 3946.0000
 3866.0000
 4040.0000
 3907.0000
 3821.0000
 3981.0000
 3832.0000
 3871.0000
 3879.0000
 3967.0000
 3877.0000
 3844.0000
 3879.0000
 3857.0000
 3991.0000
 3884.0000
 3841.0000
 3833.0000
 3814.0000
 3781.0000
 3660.0000
 3863.0000
 3823.0000
 3884.0000
 3785.0000
 3788.0000
 3723.0000
 3759.0000
 3767.0000
 3750.0000
 3828.0000
 3696.0000
 3777.0000
 3685.0000
 3768.0000
 3614.0000
 3650.0000
 3659.0000
 3705.0000
 3715.0000
 3688.0000
 3726.0000
 3702.0000
 3654.0000
 3656.0000
 3704.0000
 3610.0000
 3760.0000
 3605.0000
 3491.0000
 3542.0000
 3581.0000
 3616.0000
 3588.0000
 3646.0000
 3525.0000
 3631.0000
 3637.0000
 3681.0000
 3572.0000
 3561.0000
 3582.0000
 3553.0000
 3610.0000
 3654.0000
 3549.0000
 3509.0000
 3571.0000
 3604.0000
 3500.0000
 3540.0000
 3373.0000
 3505.0000
 3494.0000
 3536.0000
 3584.0000
 3580.0000
 3513.0000
 3611.0000
 3480.0000
 3366.0000
 3465.0000
 3342.0000
 3479.0000
 3495.0000
 3494.0000
 3570.0000
 3414.0000
 3388.0000
 3295.0000
 3305.0000
 3358.0000
 3299.0000
 3420.0000
 3431.0000
 3430.0000
 3367.0000
 3328.0000
 3387.0000
 3374.0000
 3404.0000
 3353.0000
 3363.0000
 3465.0000
 3274.0000
 3286.0000
 3424.0000
 3431.0000
 3399.0000
 3360.0000
 3335.0000
 3212.0000
 3273.0000
 3334.0000
 3340.0000
 3275.0000
 3278.0000
 3340.0000
 3321.0000
 3338.0000
 3352.0000
 3305.0000
 3383.0000
 3341.0000
 3280.0000
 3279.0000
 3269.0000
 3240.0000
 3268.0000
 3337.0000
 3263.0000
 3256.0000
 3211.0000
 3278.0000
 3356.0000
 3249.0000
 3214.0000
 3214.0000
 3234.0000
 3275.0000
 3288.0000
 3275.0000
 3210.0000
 3272.0000
 3240.0000
 3170.0000
 3221.0000
 3214.0000
 3196.0000
 3127.0000
 3219.0000
 3133.0000
 3094.0000
 3179.0000
 3122.0000
 3185.0000
 3173.0000
 3196.0000
 3065.0000
 3090.0000
 3145.0000
 3072.0000
 3158.0000
 3221.0000
 3248.0000
 3113.0000
 3110.0000
 3081.0000
 3138.0000
 3112.0000
 3052.0000
 3045.0000
 3115.0000
 3075.0000
 3068.0000
 3076.0000
 3090.0000
 3136.0000
 3130.0000
 3087.0000
 3073.0000
 3085.0000
 3038.0000
 3099.0000
 3051.0000
 2978.0000
 3095.0000
 3123.0000
 2989.0000
 3103.0000
 2979.0000
 3132.0000
 3016.0000
 3038.0000
 2904.0000
 3086.0000
 3048.0000
 3008.0000
 3020.0000
 3052.0000
 2945.0000
 2990.0000
 2946.0000
 3057.0000
 2977.0000
 2950.0000
 2969.0000
 3055.0000
 2988.0000
 2971.0000
 3089.0000
 2926.0000
 3039.0000
 2960.0000
 2956.0000
 2871.0000
 2987.0000
 3092.0000
 2887.0000
 2971.0000
 2964.0000
 3007.0000
 2951.0000
 2949.0000
 2964.0000
 2855.0000
 2976.0000
 2919.0000
 2928.0000
 2957.0000
 2906.0000
 2918.0000
 2942.0000
 2925.0000
 2834.0000
 3000.0000
 2953.0000
 2914.0000
 2868.0000
 2852.0000
 2881.0000
 2869.0000
 3012.0000
 2851.0000
 2869.0000
 2815.0000
 2798.0000
 2827.0000
 2812.0000
 2868.0000
 2946.0000
 2808.0000
 2830.0000
 2845.0000
 2974.0000
 2873.0000
 2819.0000
 2812.0000
 2776.0000
 2954.0000
 2811.0000
 2899.0000
 2825.0000
 2838.0000
 2829.0000
 2759.0000
 2775.0000
 2790.0000
 2734.0000
 2933.0000
 2840.0000
 2681.0000
 2711.0000
 2730.0000
 2778.0000
 2922.0000
 2790.0000
 2725.0000
 2727.0000
 2735.0000
 2730.0000
 2718.0000
 2735.0000
 2820.0000
 2764.0000
 2662.0000
 2848.0000
 2705.0000
 2790.0000
 2722.0000
 2769.0000
 2730.0000
 2807.0000
 2735.0000
 2742.0000
 2857.0000
 2678.0000
 2761.0000
 2668.0000
 2645.0000
 2767.0000
 2796.0000
 2725.0000
 2743.0000
 2700.0000
 2696.0000
 2772.0000
 2729.0000
 2662.0000
 2661.0000
 2775.0000
 2761.0000
 2751.0000
 2724.0000
 2667.0000
 2688.0000
 2627.0000
 2656.0000
 2753.0000
 2738.0000
 2539.0000
 2798.0000
 2639.0000
 2724.0000
 2682.0000
 2651.0000
 2693.0000
 2617.0000
 2704.0000
 2599.0000
 2689.0000
 2628.0000
 2609.0000
 2611.0000
 2607.0000
 2645.0000
 2572.0000
 2689.0000
 2572.0000
 2589.0000
 2619.0000
 2668.0000
 2644.0000
 2692.0000
 2583.0000
 2595.0000
 2615.0000
 2707.0000
 2584.0000
 2619.0000
 2579.0000
 2543.0000
 2627.0000
 2547.0000
 2569.0000
 2628.0000
 2577.0000
 2623.0000
 2559.0000
 2678.0000
 2622.0000
 2683.0000
 2610.0000
 2495.0000
 2696.0000
 2510.0000
 2594.0000
 2605.0000
 2521.0000
 2466.0000
 2579.0000
 2577.0000
 2541.0000
 2695.0000
 2632.0000
 2490.0000
 2620.0000
 2588.0000
 2601.0000
 2483.0000
 2502.0000
 2603.0000
 2566.0000
 2637.0000
 2587.0000
 2567.0000
 2597.0000
 2480.0000
 2592.0000
 2572.0000
 2528.0000
 2499.0000
 2495.0000
 2598.0000
 2516.0000
 2521.0000
 2529.0000
 2584.0000
 2570.0000
 2645.0000
 2560.0000
 2515.0000
 2524.0000
 2587.0000
 2479.0000
 2513.0000
 2475.0000
 2476.0000
 2516.0000
 2467.0000
 2507.0000
 2484.0000
 2510.0000
 2512.0000
 2472.0000
 2529.0000
 2505.0000
 2459.0000
 2491.0000
 2353.0000
 2414.0000
 2465.0000
 2525.0000
 2479.0000
 2496.0000
 2412.0000
 2456.0000
 2448.0000
 2605.0000
 2519.0000
 2522.0000
 2450.0000
 2432.0000
 2490.0000
 2412.0000
 2395.0000
 2446.0000
 2358.0000
 2546.0000
 2461.0000
 2458.0000
 2504.0000
 2463.0000
 2359.0000
 2417.0000
 2497.0000
 2404.0000
 2582.0000
 2393.0000
 2481.0000
 2408.0000
 2410.0000
 2328.0000
 2455.0000
 2372.0000
 2454.0000
 2485.0000
 2426.0000
 2396.0000
 2484.0000
 2446.0000
 2359.0000
 2425.0000
 2349.0000
 2376.0000
 2366.0000
 2404.0000
 2388.0000
 2338.0000
 2396.0000
 2386.0000
 2384.0000
 2383.0000
 2368.0000
 2398.0000
 2377.0000
 2441.0000
 2282.0000
 2475.0000
 2386.0000
 2320.0000
 2319.0000
 2307.0000
 2341.0000
 2377.0000
 2369.0000
 2391.0000
 2310.0000
 2403.0000
 2350.0000
 2355.0000
 2323.0000
 2253.0000
 2350.0000
 2362.0000
 2421.0000
 2243.0000
 2360.0000
 2388.0000
 2358.0000
 2326.0000
 2355.0000
 2321.0000
 2338.0000
 2319.0000
 2338.0000
 2323.0000
 2266.0000
 2297.0000
 2256.0000
 2281.0000
 2402.0000
 2348.0000
 2310.0000
 2336.0000
 2378.0000
 2274.0000
 2309.0000
 2327.0000
 2241.0000
 2368.0000
 2372.0000
 2255.0000
 2236.0000
 2296.0000
 2326.0000
 2262.0000
 2327.0000
 2364.0000
 2264.0000
 2268.0000
 2262.0000
 2288.0000
 2268.0000
 2321.0000
 2343.0000
 2274.0000
 2249.0000
 2334.0000
 2339.0000
 2305.0000
 2267.0000
 2279.0000
 2256.0000
 2231.0000
 2285.0000
 2309.0000
 2303.0000
 2302.0000
 2238.0000
 2256.0000
 2248.0000
 2181.0000
 2233.0000
 2226.0000
 2232.0000
 2197.0000
 2244.0000
 2279.0000
 2225.0000
 2274.0000
 2243.0000
 2239.0000
 2249.0000
 2227.0000
 2276.0000
 2225.0000
 2230.0000
 2292.0000
 2211.0000
 2290.0000
 2246.0000
 2270.0000
 2187.0000
 2241.0000
 2254.0000
 2212.0000
 2214.0000
 2268.0000
 2210.0000
 2269.0000
 2205.0000
 2296.0000
 2273.0000
 2226.0000
 2264.0000
 2214.0000
 2193.0000
 2305.0000
 2117.0000
 2220.0000
 2255.0000
 2171.0000
 2196.0000
 2266.0000
 2188.0000
 2168.0000
 2250.0000
 2120.0000
 2249.0000
 2171.0000
 2155.0000
 2138.0000
 2263.0000
 2166.0000
 2246.0000
 2192.0000
 2171.0000
 2178.0000
 2219.0000
 2213.0000
 2247.0000
 2201.0000
 2108.0000
 2208.0000
 2195.0000
 2158.0000
 2159.0000
 2206.0000
 2104.0000
 2211.0000
 2172.0000
 2179.0000
 2236.0000
 2120.0000
 2230.0000
 2203.0000
 2255.0000
 2285.0000
 2264.0000
 2179.0000
 2045.0000
 2196.0000
 2252.0000
 2196.0000
 2163.0000
 2190.0000
 2204.0000
 2183.0000
 2186.0000
 2204.0000
 2233.0000
 2202.0000
 2126.0000
 2165.0000
 2149.0000
 2173.0000
 2156.0000
 2114.0000
 2104.0000
 2137.0000
 2198.0000
 2201.0000
 2141.0000
 2074.0000
 2057.0000
 2141.0000
 2273.0000
 2167.0000
 2154.0000
 2149.0000
 2098.0000
 1995.0000
 2095.0000
 2123.0000
 2133.0000
 2044.0000
 2238.0000
 2130.0000
 2215.0000
 2136.0000
 2142.0000
 2118.0000
 2154.0000
 2161.0000
 2105.0000
 2086.0000
 2091.0000
 2059.0000
 2080.0000
 2153.0000
 2112.0000
 2073.0000
 2053.0000
 2106.0000
 1988.0000
 2117.0000
 2103.0000
 2104.0000
 2154.0000
 1977.0000
 2084.0000
 2042.0000
 2061.0000
 2062.0000
 2162.0000
 2044.0000
 2059.0000
 2051.0000
 2080.0000
 2139.0000
 2068.0000
 2067.0000
 2109.0000
 2083.0000
 2057.0000
 2054.0000
 2137.0000
 2103.0000
 2091.0000
 2068.0000
 1975.0000
 2074.0000
 2041.0000
 2113.0000
 2090.0000
 2068.0000
 2105.0000
 2070.0000
 2030.0000
 2163.0000
 2025.0000
 2050.0000
 1996.0000
 1983.0000
 2052.0000
 2028.0000
 2079.0000
 2054.0000
 1984.0000
 2029.0000
 2034.0000
 2076.0000
 1993.0000
 2036.0000
 2090.0000
 2024.0000
 2010.0000
 2093.0000
 2107.0000
 2170.0000
 2005.0000
 2039.0000
 1989.0000
 2063.0000
 2096.0000
 2131.0000
 2119.0000
 1997.0000
 2010.0000
 2067.0000
 1998.0000
 2081.0000
 2024.0000
 2073.0000
 2043.0000
 2004.0000
 1970.0000
 2025.0000
 2049.0000
 2102.0000
 2040.0000
 2032.0000
 1964.0000
 2035.0000
 2074.0000
 2071.0000
 2041.0000
 2026.0000
 2062.0000
 2008.0000
 1976.0000
 2024.0000
 2077.0000
 1998.0000
 2025.0000
 1965.0000
 1954.0000
 2061.0000
 2029.0000
 2046.0000
 1909.0000
 1940.0000
 2090.0000
 2118.0000
 1980.0000
 1967.0000
 2009.0000
 2073.0000
 1956.0000
 2046.0000
 2013.0000
 2042.0000
 1984.0000
 2036.0000
 1943.0000
 1952.0000
 2036.0000
 1992.0000
 1966.0000
 2033.0000
 1961.0000
 2012.0000
 1951.0000
 2049.0000
 1914.0000
 1966.0000
 1960.0000
 1964.0000
 1914.0000
 1993.0000
 1962.0000
 1990.0000
 1994.0000
 1940.0000
 1973.0000
 2036.0000
 1973.0000
 2005.0000
 1940.0000
 1943.0000
 1915.0000
 2031.0000
 2024.0000
 1921.0000
 1920.0000
 1986.0000
 1997.0000
 2010.0000
 1977.0000
 1901.0000
 1941.0000
 1920.0000
 1891.0000
 2036.0000
 1973.0000
 1925.0000
 1896.0000
 1952.0000
 1986.0000
 1932.0000
 1895.0000
 1945.0000
 1980.0000
 1988.0000
 1941.0000
 1980.0000
 1911.0000
 1887.0000
 2022.0000
 1973.0000
 2045.0000
 1973.0000
 1915.0000
 1989.0000
 1925.0000
 1979.0000
 1968.0000
 1874.0000
 1992.0000
 2019.0000
 1882.0000
 1961.0000
 1977.0000
 1974.0000
 1887.0000
 1956.0000
 1936.0000
 1966.0000
 1860.0000
 1874.0000
 1918.0000
 1967.0000
 2000.0000
 1919.0000
 1903.0000
 1950.0000
 1967.0000
 1899.0000
 1908.0000
 1856.0000
 1901.0000
 1928.0000
 1921.0000
 1912.0000
 1864.0000
 1891.0000
 1864.0000
 1822.0000
 1883.0000
 1959.0000
 1847.0000
 1915.0000
 1872.0000
 1980.0000
 1854.0000
 1943.0000
 1857.0000
 1990.0000
 2014.0000
 1890.0000
 1893.0000
 1881.0000
 1961.0000
 1815.0000
 1894.0000
 1899.0000
 1858.0000
 1913.0000
 1869.0000
 1931.0000
 1942.0000
 1911.0000
 1883.0000
 1896.0000
 1934.0000
 1914.0000
 1891.0000
 1908.0000
 1890.0000
 1927.0000
 1904.0000
 1878.0000
 1887.0000
 1853.0000
 1935.0000
 1914.0000
 1936.0000
 1915.0000
 1904.0000
 1935.0000
 1845.0000
 1926.0000
 1921.0000
 1874.0000
 1893.0000
 1852.0000
 1994.0000
 1954.0000
 1851.0000
 1891.0000
 1831.0000
 1839.0000
 1860.0000
 1924.0000
 1994.0000
 1870.0000
 1890.0000
 1891.0000
 1981.0000
 1972.0000
 1910.0000
 1857.0000
 1911.0000
 1891.0000
 1867.0000
 1864.0000
 1873.0000
 1830.0000
 1877.0000
 1957.0000
 1846.0000
 1877.0000
 1909.0000
 1835.0000
 1815.0000
 1842.0000
 1943.0000
 1826.0000
 1898.0000
 1830.0000
 1950.0000
 1892.0000
 1864.0000
 1867.0000
 1855.0000
 1864.0000
 1898.0000
 1904.0000
 1808.0000
 1762.0000
 1803.0000
 1838.0000
 1875.0000
 1911.0000
 1852.0000
 1839.0000
 1830.0000
 1903.0000
 1842.0000
 1913.0000
 1937.0000
 1814.0000
 1864.0000
 1836.0000
 1868.0000
 1794.0000
 1851.0000
 1862.0000
 1819.0000
 1857.0000
 1838.0000
 1862.0000
 1854.0000
 1890.0000
 1868.0000
 1891.0000
 1854.0000
 1838.0000
 1871.0000
 1926.0000
 1877.0000
 1811.0000
 1832.0000
 1770.0000
 1879.0000
 1854.0000
 1920.0000
 1873.0000
 1818.0000
 1895.0000
 1837.0000
 1833.0000
 1839.0000
 1851.0000
 1870.0000
 1793.0000
 1828.0000
 1853.0000
 1889.0000
 1903.0000
 1916.0000
 1817.0000
 1858.0000
 1755.0000
 1882.0000
 1825.0000
 1829.0000
 1827.0000
 1839.0000
 1812.0000
 1771.0000
 1915.0000
 1795.0000
 1890.0000
 1834.0000
 1759.0000
 1873.0000
 1880.0000
 1850.0000
 1798.0000
 1765.0000
 1838.0000
 1840.0000
 1810.0000
 1850.0000
 1831.0000
 1720.0000
 1825.0000
 1877.0000
 1774.0000
 1848.0000
 1807.0000
 1817.0000
 1769.0000
 1865.0000
 1865.0000
 1875.0000
 1832.0000
 1842.0000
 1798.0000
 1829.0000
 1845.0000
 1853.0000
 1761.0000
 1810.0000
 1809.0000
 1765.0000
 1837.0000
 1843.0000
 1790.0000
 1810.0000
 1809.0000
 1798.0000
 1787.0000
 1811.0000
 1786.0000
 1835.0000
 1744.0000
 1798.0000
 1726.0000
 1837.0000
 1807.0000
 1786.0000
 1838.0000
 1840.0000
 1783.0000
 1718.0000
 1760.0000
 1857.0000
 1774.0000
 1774.0000
 1834.0000
 1865.0000
 1851.0000
 1783.0000
 1758.0000
 1739.0000
 1832.0000
 1770.0000
 1782.0000
 1806.0000
 1811.0000
 1762.0000
 1751.0000
 1703.0000
 1822.0000
 1790.0000
 1714.0000
 1777.0000
 1737.0000
 1796.0000
 1699.0000
 1790.0000
 1788.0000
 1790.0000
 1735.0000
 1787.0000
 1852.0000
 1845.0000
 1775.0000
 1753.0000
 1799.0000
 1813.0000
 1823.0000
 1740.0000
 1768.0000
 1765.0000
 1828.0000
 1744.0000
 1773.0000
 1776.0000
 1808.0000
 1766.0000
 1758.0000
 1828.0000
 1782.0000
 1745.0000
 1771.0000
 1791.0000
 1704.0000
 1774.0000
 1805.0000
 1804.0000
 1785.0000
 1743.0000
 1713.0000
 1753.0000
 1808.0000
 1780.0000
 1722.0000
 1753.0000
 1807.0000
 1813.0000
 1726.0000
 1834.0000
 1787.0000
 1706.0000
 1713.0000
 1712.0000
 1706.0000
 1707.0000
 1702.0000
 1740.0000
 1710.0000
 1791.0000
 1738.0000
 1768.0000
 1833.0000
 1707.0000
 1698.0000
 1789.0000
 1736.0000
 1716.0000
 1708.0000
 1839.0000
 1719.0000
 1660.0000
 1744.0000
 1725.0000
 1816.0000
 1752.0000
 1784.0000
 1717.0000
 1750.0000
 1779.0000
 1695.0000
 1666.0000
 1745.0000
 1754.0000
 1689.0000
 1693.0000
 1682.0000
 1722.0000
 1695.0000
 1755.0000
 1790.0000
 1787.0000
 1792.0000
 1791.0000
 1761.0000
 1722.0000
 1799.0000
 1741.0000
 1775.0000
 1664.0000
 1714.0000
 1784.0000
 1814.0000
 1725.0000
 1665.0000
 1690.0000
 1799.0000
 1745.0000
 1845.0000
 1749.0000
 1624.0000
 1758.0000
 1685.0000
 1673.0000
 1746.0000
 1733.0000
 1735.0000
 1722.0000
 1781.0000
 1766.0000
 1732.0000
 1779.0000
 1707.0000
 1742.0000
 1681.0000
 1719.0000
 1747.0000
 1706.0000
 1730.0000
 1802.0000
 1689.0000
 1702.0000
 1770.0000
 1800.0000
 1665.0000
 1772.0000
 1766.0000
 1688.0000
 1680.0000
 1632.0000
 1731.0000
 1735.0000
 1717.0000
 1663.0000
 1694.0000
 1709.0000
 1746.0000
 1681.0000
 1730.0000
 1801.0000
 1700.0000
 1788.0000
 1725.0000
 1714.0000
 1698.0000
 1706.0000
 1725.0000
 1707.0000
 1682.0000
 1712.0000
 1715.0000
 1660.0000
 1788.0000
 1689.0000
 1717.0000
 1679.0000
 1785.0000
 1727.0000
 1778.0000
 1722.0000
 1697.0000
 1712.0000
 1665.0000
 1731.0000
 1679.0000
 1729.0000
 1677.0000
 1723.0000
 1691.0000
 1671.0000
 1723.0000
 1713.0000
 1687.0000
 1661.0000
 1710.0000
 1763.0000
 1653.0000
 1650.0000
 1664.0000
 1801.0000
 1727.0000
 1727.0000
 1710.0000
 1713.0000
 1624.0000
 1695.0000
 1683.0000
 1720.0000
 1735.0000
 1735.0000
 1692.0000
 1697.0000
 1679.0000
 1725.0000
 1658.0000
 1648.0000
 1678.0000
 1630.0000
 1702.0000
 1702.0000
 1683.0000
 1665.0000
 1681.0000
 1726.0000
 1593.0000
 1686.0000
 1679.0000
 1751.0000
 1606.0000
 1756.0000
 1730.0000
 1686.0000
 1596.0000
 1670.0000
 1704.0000
 1757.0000
 1664.0000
 1685.0000
 1721.0000
 1756.0000
 1714.0000
 1684.0000
 1643.0000
 1643.0000
 1652.0000
 1712.0000
 1648.0000
 1755.0000
 1677.0000
 1672.0000
 1665.0000
 1764.0000
 1594.0000
 1689.0000
 1712.0000
 1642.0000
 1644.0000
 1761.0000
 1644.0000
 1721.0000
 1698.0000
 1645.0000
 1753.0000
 1666.0000
 1621.0000
 1757.0000
 1650.0000
 1681.0000
 1659.0000
 1696.0000
 1682.0000
 1738.0000
 1651.0000
 1544.0000
 1655.0000
 1669.0000
 1723.0000
 1620.0000
 1549.0000
 1685.0000
 1680.0000
 1666.0000
 1607.0000
 1682.0000
 1691.0000
 1660.0000
 1620.0000
 1664.0000
 1747.0000
 1625.0000
 1578.0000
 1640.0000
 1676.0000
 1683.0000
 1719.0000
 1663.0000
 1571.0000
 1662.0000
 1659.0000
 1701.0000
 1678.0000
 1599.0000
 1731.0000
 1695.0000
 1721.0000
 1688.0000
 1586.0000
 1704.0000
 1669.0000
 1685.0000
 1784.0000
 1622.0000
 1656.0000
 1756.0000
 1653.0000
 1653.0000
 1658.0000
 1630.0000
 1645.0000
 1755.0000
 1672.0000
 1649.0000
 1659.0000
 1637.0000
 1628.0000
 1646.0000
 1679.0000
 1635.0000
 1624.0000
 1618.0000
 1652.0000
 1680.0000
 1653.0000
 1606.0000
 1590.0000
 1669.0000
 1665.0000
 1712.0000
 1617.0000
 1646.0000
 1704.0000
 1687.0000
 1624.0000
 1653.0000
 1683.0000
 1677.0000
 1542.0000
 1646.0000
 1652.0000
 1647.0000
 1616.0000
 1685.0000
 1685.0000
 1699.0000
 1611.0000
 1674.0000
 1655.0000
 1596.0000
 1574.0000
 1647.0000
 1614.0000
 1653.0000
 1620.0000
 1590.0000
 1601.0000
 1657.0000
 1621.0000
 1613.0000
 1695.0000
 1641.0000
 1660.0000
 1619.0000
 1620.0000
 1594.0000
 1580.0000
 1632.0000
 1593.0000
 1668.0000
 1669.0000
 1587.0000
 1653.0000
 1728.0000
 1649.0000
 1609.0000
 1681.0000
 1704.0000
 1659.0000
 1641.0000
 1666.0000
 1680.0000
 1599.0000
 1557.0000
 1570.0000
 1688.0000
 1624.0000
 1627.0000
 1675.0000
 1664.0000
 1611.0000
 1659.0000
 1693.0000
 1610.0000
 1676.0000
 1671.0000
 1630.0000
 1636.0000
 1615.0000
 1632.0000
 1640.0000
 1670.0000
 1637.0000
 1721.0000
 1615.0000
 1646.0000
 1636.0000
 1664.0000
 1586.0000
 1680.0000
 1624.0000
 1699.0000
 1657.0000
 1595.0000
 1633.0000
 1600.0000
 1676.0000
 1682.0000
 1652.0000
 1615.0000
 1622.0000
 1590.0000
 1610.0000
 1644.0000
 1670.0000
 1560.0000
 1556.0000
 1617.0000
 1712.0000
 1620.0000
 1581.0000
 1619.0000
 1649.0000
 1608.0000
 1643.0000
 1601.0000
 1587.0000
 1575.0000
 1650.0000
 1618.0000
 1636.0000
 1669.0000
 1576.0000
 1618.0000
 1568.0000
 1612.0000
 1639.0000
 1579.0000
 1617.0000
 1629.0000
 1631.0000
 1645.0000
 1591.0000
 1633.0000
 1588.0000
 1590.0000
 1638.0000
 1585.0000
 1614.0000
 1562.0000
 1610.0000
 1643.0000
 1620.0000
 1712.0000
 1618.0000
 1596.0000
 1641.0000
 1618.0000
 1593.0000
 1603.0000
 1610.0000
 1578.0000
 1572.0000
 1607.0000
 1696.0000
 1571.0000
 1666.0000
 1664.0000
 1559.0000
 1632.0000
 1565.0000
 1637.0000
 1561.0000
 1595.0000
 1586.0000
 1621.0000
 1635.0000
 1632.0000
 1649.0000
