11
12
2
11
10
13
4
10
8
7
6
5
6
3
10
10
7
15
7
5
11
6
11
7
6
6
9
9
10
8
7
8
3
9
4
11
6
12
11
10
12
7
13
3
8
5
10
7
8
2
9
9
9
5
3
6
8
6
5
5
7
12
5
6
7
8
15
13
11
8
7
8
8
8
8
3
8
8
5
5
11
12
6
7
7
7
11
7
6
7
7
5
6
6
9
6
7
8
8
9
7
7
5
7
8
6
10
7
10
9
11
6
11
10
3
12
5
7
8
8
6
6
7
8
6
3
8
9
12
7
5
5
8
5
4
5
6
8
6
8
5
8
5
10
10
4
7
5
9
7
9
9
11
2
9
2
9
5
8
8
5
9
13
11
7
8
7
4
7
5
9
9
9
7
9
8
7
8
5
6
10
4
6
8
12
7
3
4
4
5
13
6
6
4
4
7
9
12
7
5
4
10
6
7
7
8
2
7
7
10
8
7
10
7
8
11
8
6
7
12
3
7
6
10
11
14
9
5
4
6
6
3
10
8
6
7
8
12
12
4
5
7
5
6
11
7
13
4
7
11
11
10
8
9
8
7
7
3
4
7
8
5
10
1
8
7
7
11
8
14
9
5
10
6
8
10
10
6
6
8
13
6
8
6
5
13
10
13
8
7
12
7
12
14
8
5
10
9
7
12
5
6
7
5
5
6
8
6
10
7
11
7
6
13
13
5
7
9
6
6
2
6
7
3
7
7
7
5
8
12
10
3
10
9
6
6
6
6
9
8
6
10
3
12
7
10
8
6
15
13
11
8
10
3
11
13
11
7
8
9
11
5
11
5
7
3
4
8
3
10
7
2
9
6
7
11
9
5
8
10
8
4
9
6
11
11
14
5
9
3
5
5
4
13
4
4
12
11
4
8
8
7
5
8
8
6
10
6
8
4
4
4
10
10
6
5
10
5
12
10
9
7
10
13
11
6
6
5
6
7
5
7
8
7
10
5
6
12
10
8
10
12
6
5
5
6
6
6
10
11
4
12
4
8
10
5
7
6
7
11
6
11
5
10
9
5
5
6
5
8
8
5
7
8
10
9
5
6
6
2
7
4
6
5
8
9
10
10
9
7
10
10
10
10
4
5
8
7
6
8
6
5
5
9
7
4
8
8
6
7
2
12
10
8
6
11
4
9
11
8
14
9
5
12
6
7
8
7
10
3
5
7
7
11
3
3
4
9
9
8