    0.0000    37.0000
    2.9114    33.0000
    5.8227    37.0000
    8.7341    39.0000
   11.6455    45.0000
   14.5569    42.0000
   17.4682    36.0000
   20.3796    32.0000
   23.2910    36.0000
   26.2024    35.0000
   29.1137    27.0000
   32.0251    40.0000
   34.9365    45.0000
   37.8478    36.0000
   40.7592    47.0000
   43.6706    53.0000
   46.5820    50.0000
   49.4933    35.0000
   52.4047    35.0000
   55.3161    42.0000
   58.2275    33.0000
   61.1388    38.0000
   64.0502    30.0000
   66.9616    35.0000
   69.8729    32.0000
   72.7843    40.0000
   75.6957    43.0000
   78.6071    38.0000
   81.5184    42.0000
   84.4298    43.0000
   87.3412    44.0000
   90.2525    36.0000
   93.1639    37.0000
   96.0753    34.0000
   98.9867    29.0000
  101.8980    48.0000
  104.8094    40.0000
  107.7208    33.0000
  110.6322    38.0000
  113.5435    38.0000
  116.4549    40.0000
  119.3663    36.0000
  122.2776    42.0000
  125.1890    36.0000
  128.1004    39.0000
  131.0118    37.0000
  133.9231    39.0000
  136.8345    47.0000
  139.7459    37.0000
  142.6573    32.0000
  145.5686    37.0000
  148.4800    34.0000
  151.3914    29.0000
  154.3027    43.0000
  157.2141    38.0000
  160.1255    30.0000
  163.0369    35.0000
  165.9482    29.0000
  168.8596    42.0000
  171.7710    43.0000
  174.6824    51.0000
  177.5937    43.0000
  180.5051    36.0000
  183.4165    33.0000
  186.3278    39.0000
  189.2392    41.0000
  192.1506    40.0000
  195.0620    52.0000
  197.9733    36.0000
  200.8847    40.0000
  203.7961    27.0000
  206.7075    43.0000
  209.6188    48.0000
  212.5302    41.0000
  215.4416    40.0000
  218.3529    40.0000
  221.2643    43.0000
  224.1757    37.0000
  227.0871    36.0000
  229.9984    35.0000
  232.9098    54.0000
  235.8212    43.0000
  238.7325    35.0000
  241.6439    43.0000
  244.5553    39.0000
  247.4667    47.0000
  250.3780    46.0000
  253.2894    32.0000
  256.2008    45.0000
  259.1122    34.0000
  262.0235    45.0000
  264.9349    43.0000
  267.8463    41.0000
  270.7576    25.0000
  273.6690    36.0000
  276.5804    33.0000
  279.4918    45.0000
  282.4031    41.0000
  285.3145    39.0000
  288.2259    48.0000
  291.1373    42.0000
  294.0486    35.0000
  296.9600    34.0000
  299.8714    44.0000
  302.7827    40.0000
  305.6941    40.0000
  308.6055    49.0000
  311.5169    34.0000
  314.4282    46.0000
  317.3396    44.0000
  320.2510    37.0000
  323.1624    42.0000
  326.0737    37.0000
  328.9851    32.0000
  331.8965    49.0000
  334.8078    38.0000
  337.7192    28.0000
  340.6306    40.0000
  343.5420    45.0000
  346.4533    37.0000
  349.3647    36.0000
  352.2761    34.0000
  355.1875    34.0000
  358.0988    44.0000
  361.0102    37.0000
  363.9216    45.0000
  366.8329    33.0000
  369.7443    31.0000
  372.6557    33.0000
  375.5671    34.0000
  378.4784    48.0000
  381.3898    41.0000
  384.3012    45.0000
  387.2125    37.0000
  390.1239    44.0000
  393.0353    38.0000
  395.9467    40.0000
  398.8580    37.0000
  401.7694    36.0000
  404.6808    32.0000
  407.5922    25.0000
  410.5035    39.0000
  413.4149    41.0000
  416.3263    35.0000
  419.2376    34.0000
  422.1490    40.0000
  425.0604    29.0000
  427.9718    42.0000
  430.8831    34.0000
  433.7945    46.0000
  436.7059    34.0000
  439.6173    38.0000
  442.5286    39.0000
  445.4400    44.0000
  448.3514    39.0000
  451.2627    40.0000
  454.1741    48.0000
  457.0855    35.0000
  459.9969    42.0000
  462.9082    42.0000
  465.8196    44.0000
  468.7310    35.0000
  471.6424    34.0000
  474.5537    29.0000
  477.4651    29.0000
  480.3765    28.0000
  483.2878    39.0000
  486.1992    39.0000
  489.1106    45.0000
  492.0220    37.0000
  494.9333    35.0000
  497.8447    40.0000
  500.7561    43.0000
  503.6675    37.0000
  506.5788    44.0000
  509.4902    48.0000
  512.4016    28.0000
  515.3129    35.0000
  518.2243    32.0000
  521.1357    36.0000
  524.0471    36.0000
  526.9584    32.0000
  529.8698    30.0000
  532.7812    44.0000
  535.6925    39.0000
  538.6039    36.0000
  541.5153    21.0000
  544.4267    31.0000
  547.3380    44.0000
  550.2494    36.0000
  553.1608    43.0000
  556.0722    42.0000
  558.9835    35.0000
  561.8949    30.0000
  564.8063    34.0000
  567.7176    39.0000
  570.6290    36.0000
  573.5404    38.0000
  576.4518    43.0000
  579.3631    46.0000
  582.2745    35.0000
  585.1859    43.0000
  588.0973    52.0000
  591.0086    37.0000
  593.9200    46.0000
  596.8314    47.0000
  599.7427    38.0000
  602.6541    38.0000
  605.5655    42.0000
  608.4769    50.0000
  611.3882    62.0000
  614.2996    42.0000
  617.2110    36.0000
  620.1224    34.0000
  623.0337    41.0000
  625.9451    41.0000
  628.8565    37.0000
  631.7678    29.0000
  634.6792    36.0000
  637.5906    36.0000
  640.5020    32.0000
  643.4133    50.0000
  646.3247    45.0000
  649.2361    41.0000
  652.1475    34.0000
  655.0588    46.0000
  657.9702    37.0000
  660.8816    50.0000
  663.7929    36.0000
  666.7043    28.0000
  669.6157    32.0000
  672.5271    26.0000
  675.4384    37.0000
  678.3498    38.0000
  681.2612    34.0000
  684.1725    41.0000
  687.0839    50.0000
  689.9953    34.0000
  692.9067    36.0000
  695.8180    39.0000
  698.7294    43.0000
  701.6408    37.0000
  704.5522    38.0000
  707.4635    35.0000
  710.3749    37.0000
  713.2863    43.0000
  716.1976    30.0000
  719.1090    31.0000
  722.0204    33.0000
  724.9318    33.0000
  727.8431    34.0000
  730.7545    39.0000
  733.6659    42.0000
  736.5773    30.0000
  739.4886    36.0000
  742.4000    41.0000
  745.3114    31.0000
  748.2227    31.0000
  751.1341    33.0000
  754.0455    30.0000
  756.9569    37.0000
  759.8682    38.0000
  762.7796    40.0000
  765.6910    34.0000
  768.6024    40.0000
  771.5137    42.0000
  774.4251    31.0000
  777.3365    37.0000
  780.2478    46.0000
  783.1592    29.0000
  786.0706    35.0000
  788.9820    45.0000
  791.8933    35.0000
  794.8047    42.0000
  797.7161    35.0000
  800.6275    47.0000
  803.5388    33.0000
  806.4502    32.0000
  809.3616    43.0000
  812.2729    41.0000
  815.1843    33.0000
  818.0957    34.0000
  821.0071    20.0000
  823.9184    36.0000
  826.8298    35.0000
  829.7412    39.0000
  832.6525    46.0000
  835.5639    39.0000
  838.4753    44.0000
  841.3867    41.0000
  844.2980    41.0000
  847.2094    19.0000
  850.1208    38.0000
  853.0322    34.0000
  855.9435    38.0000
  858.8549    38.0000
  861.7663    48.0000
  864.6776    39.0000
  867.5890    30.0000
  870.5004    30.0000
  873.4118    33.0000
  876.3231    28.0000
  879.2345    44.0000
  882.1459    26.0000
  885.0573    40.0000
  887.9686    43.0000
  890.8800    38.0000
  893.7914    34.0000
  896.7027    49.0000
  899.6141    38.0000
  902.5255    32.0000
  905.4369    37.0000
  908.3482    34.0000
  911.2596    33.0000
  914.1710    38.0000
  917.0824    36.0000
  919.9937    35.0000
  922.9051    28.0000
  925.8165    47.0000
  928.7278    39.0000
  931.6392    39.0000
  934.5506    32.0000
  937.4620    42.0000
  940.3733    44.0000
  943.2847    37.0000
  946.1961    35.0000
  949.1075    47.0000
  952.0188    35.0000
  954.9302    37.0000
  957.8416    54.0000
  960.7529    34.0000
  963.6643    44.0000
  966.5757    37.0000
  969.4871    36.0000
  972.3984    29.0000
  975.3098    48.0000
  978.2212    38.0000
  981.1325    34.0000
  984.0439    43.0000
  986.9553    31.0000
  989.8667    40.0000
  992.7780    39.0000
  995.6894    50.0000
  998.6008    32.0000
 1001.5122    39.0000
 1004.4235    39.0000
 1007.3349    31.0000
 1010.2463    35.0000
 1013.1576    34.0000
 1016.0690    38.0000
 1018.9804    36.0000
 1021.8918    42.0000
 1024.8031    28.0000
 1027.7145    33.0000
 1030.6259    31.0000
 1033.5373    45.0000
 1036.4486    40.0000
 1039.3600    33.0000
 1042.2714    40.0000
 1045.1827    43.0000
 1048.0941    45.0000
 1051.0055    37.0000
 1053.9169    41.0000
 1056.8282    44.0000
 1059.7396    33.0000
 1062.6510    26.0000
 1065.5624    33.0000
 1068.4737    34.0000
 1071.3851    44.0000
 1074.2965    35.0000
 1077.2078    41.0000
 1080.1192    40.0000
 1083.0306    35.0000
 1085.9420    43.0000
 1088.8533    35.0000
 1091.7647    43.0000
 1094.6761    37.0000
 1097.5875    38.0000
 1100.4988    35.0000
 1103.4102    38.0000
 1106.3216    36.0000
 1109.2329    47.0000
 1112.1443    34.0000
 1115.0557    28.0000
 1117.9671    25.0000
 1120.8784    40.0000
 1123.7898    36.0000
 1126.7012    37.0000
 1129.6125    56.0000
 1132.5239    47.0000
 1135.4353    44.0000
 1138.3467    34.0000
 1141.2580    36.0000
 1144.1694    32.0000
 1147.0808    40.0000
 1149.9922    44.0000
 1152.9035    37.0000
 1155.8149    43.0000
 1158.7263    24.0000
 1161.6376    36.0000
 1164.5490    38.0000
 1167.4604    44.0000
 1170.3718    38.0000
 1173.2831    46.0000
 1176.1945    33.0000
 1179.1059    36.0000
 1182.0173    41.0000
 1184.9286    38.0000
