-6.000000000000000000e+00 2.810079999999999800e-01
-5.400000000000000355e+00 2.810079999999999800e-01
-4.799999999999999822e+00 2.810079999999999800e-01
-4.200000000000000178e+00 2.810079999999999800e-01
-3.600000000000000089e+00 2.810079999999999800e-01
-3.000000000000000000e+00 2.810079999999999800e-01
-2.400000000000000355e+00 2.810079999999999800e-01
-1.799999999999999822e+00 2.810079999999999800e-01
-1.200000000000000178e+00 2.810079999999999800e-01
-6.000000000000005329e-01 2.810079999999999800e-01
0.000000000000000000e+00 2.810079999999999800e-01
5.999999999999996447e-01 2.810079999999999800e-01
1.199999999999999289e+00 2.810079999999999800e-01
1.799999999999999822e+00 2.810079999999999800e-01
2.400000000000000355e+00 2.810690000000000133e-01
3.000000000000000000e+00 2.810079999999999800e-01
3.599999999999999645e+00 2.810079999999999800e-01
4.199999999999999289e+00 2.810079999999999800e-01
4.799999999999998934e+00 2.810079999999999800e-01
5.400000000000000355e+00 2.810079999999999800e-01
6.000000000000000000e+00 2.810079999999999800e-01
