   -0.5000    -0.0744     0.2032     0.0759  -168.4560  4831.0000
   -0.4960    -0.0751     0.2029     0.0767  -168.3480  4831.0000
   -0.4920    -0.0747     0.2031     0.0763  -168.4560  4831.0000
   -0.4880    -0.0745     0.2032     0.0761  -168.4800  4831.0000
   -0.4840    -0.0756     0.2027     0.0772  -168.2700  4831.0000
   -0.4800    -0.0761     0.2025     0.0777  -168.2040  4831.0000
   -0.4760    -0.0753     0.2029     0.0769  -168.4020  4831.0000
   -0.4720    -0.0756     0.2027     0.0772  -168.3300  4831.0000
   -0.4679    -0.0758     0.2027     0.0773  -168.3120  4831.0000
   -0.4639    -0.0752     0.2029     0.0768  -168.3660  4831.0000
   77.0000    -0.0745     0.2032     0.0760  -168.4980  4831.0000
   -0.4560    -0.0748     0.2030     0.0764  -168.3900  4831.0000
   -0.4520    -0.0752     0.2028     0.0768  -168.3300  4831.0000
   -0.4480    -0.0748     0.2030     0.0764  -168.4080  4831.0000
   -0.4440    -0.0747     0.2030     0.0762  -168.3960  4831.0000
   -0.4400    -0.0748     0.2031     0.0763  -168.4320  4831.0000
   -0.4360    -0.0746     0.2031     0.0761  -168.4440  4831.0000
   -0.4320    -0.0742     0.2032     0.0757  -168.4740  4831.0000
   -0.4280    -0.0748     0.2029     0.0764  -168.3480  4831.0000
   -0.4240    -0.0743     0.2032     0.0758  -168.4560  4831.0000
   -0.4200    -0.0740     0.2033     0.0755  -168.5100  4831.0000
   -0.4160    -0.0735     0.2035     0.0749  -168.5880  4831.0000
   -0.4120    -0.0738     0.2033     0.0753  -168.4620  4831.0000
   -0.4080    -0.0737     0.2033     0.0753  -168.4260  4831.0000
   -0.4040    -0.0738     0.2032     0.0754  -168.4200  4831.0000
   -0.4000    -0.0744     0.2030     0.0759  -168.3600  4831.0000
   -0.3960    -0.0748     0.2028     0.0764  -168.2280  4831.0000
   -0.3920    -0.0740     0.2030     0.0756  -168.3060  4831.0000
   -0.3880    -0.0742     0.2029     0.0758  -168.2220  4831.0000
   -0.3840    -0.0733     0.2033     0.0748  -168.4020  4831.0000
   -0.3800    -0.0733     0.2034     0.0748  -168.4440  4831.0000
   -0.3760    -0.0735     0.2032     0.0750  -168.3600  4831.0000
   -0.3720    -0.0728     0.2035     0.0743  -168.4620  4831.0000
   -0.3680    -0.0728     0.2034     0.0743  -168.4080  4831.0000
   -0.3640    -0.0735     0.2032     0.0750  -168.3420  4831.0000
   -0.3600    -0.0728     0.2035     0.0743  -168.4620  4831.0000
   -0.3560    -0.0727     0.2034     0.0742  -168.3900  4831.0000
   -0.3520    -0.0726     0.2035     0.0741  -168.4560  4831.0000
   -0.3480    -0.0720     0.2037     0.0735  -168.5160  4831.0000
   -0.3440    -0.0726     0.2034     0.0741  -168.3960  4831.0000
   -0.3399    -0.0735     0.2031     0.0750  -168.2580  4831.0000
   -0.3359    -0.0733     0.2031     0.0749  -168.2700  4831.0000
   -0.3319    -0.0727     0.2034     0.0742  -168.3900  4831.0000
   -0.3279    -0.0724     0.2035     0.0739  -168.4080  4831.0000
   -0.3240    -0.0725     0.2034     0.0740  -168.3480  4831.0000
   -0.3200    -0.0728     0.2032     0.0743  -168.2400  4831.0000
   -0.3160    -0.0729     0.2031     0.0745  -168.1560  4831.0000
   -0.3120    -0.0729     0.2030     0.0745  -168.1020  4831.0000
   -0.3080    -0.0726     0.2031     0.0742  -168.1560  4831.0000
   -0.3040    -0.0728     0.2029     0.0744  -168.0000  4831.0000
   -0.3000    -0.0721     0.2032     0.0737  -168.1500  4831.0000
   -0.2960    -0.0723     0.2030     0.0739  -168.0300  4831.0000
   -0.2920    -0.0721     0.2031     0.0737  -168.0480  4831.0000
   -0.2880    -0.0725     0.2029     0.0741  -167.9580  4831.0000
   -0.2840    -0.0723     0.2029     0.0739  -167.8980  4831.0000
   -0.2800    -0.0727     0.2027     0.0744  -167.8140  4831.0000
   -0.2760    -0.0725     0.2027     0.0742  -167.8080  4831.0000
   -0.2720    -0.0725     0.2026     0.0742  -167.7420  4831.0000
   -0.2680    -0.0725     0.2027     0.0741  -167.8320  4831.0000
   -0.2640    -0.0720     0.2029     0.0736  -167.8440  4831.0000
   -0.2600    -0.0716     0.2030     0.0732  -167.8980  4831.0000
   -0.2560    -0.0714     0.2030     0.0730  -167.8260  4831.0000
   -0.2520    -0.0713     0.2031     0.0729  -167.8980  4831.0000
   -0.2480    -0.0712     0.2031     0.0728  -167.8800  4831.0000
   -0.2440    -0.0712     0.2029     0.0728  -167.7780  4831.0000
   -0.2400    -0.0715     0.2028     0.0731  -167.7120  4831.0000
   -0.2360    -0.0711     0.2029     0.0728  -167.7480  4831.0000
   -0.2319    -0.0707     0.2031     0.0723  -167.7900  4831.0000
   -0.2279    -0.0715     0.2027     0.0732  -167.6280  4831.0000
   -0.2239    -0.0709     0.2030     0.0726  -167.7480  4831.0000
   -0.2199    -0.0709     0.2029     0.0726  -167.6820  4831.0000
   -0.2159    -0.0707     0.2029     0.0724  -167.6820  4831.0000
   -0.2199    -0.0707     0.2029     0.0723  -167.6940  4831.0000
   -0.2080    -0.0708     0.2028     0.0725  -167.6100  4831.0000
   -0.2000    -0.0712     0.2025     0.0730  -167.4480  4831.0000
   -0.2000    -0.0707     0.2026     0.0724  -167.4540  4831.0000
   -0.1960    -0.0707     0.2026     0.0724  -167.4480  4831.0000
   -0.1900    -0.0710     0.2024     0.0728  -167.3040  4831.0000
   -0.1800    -0.0701     0.2026     0.0718  -167.3580  4831.0000
   -0.1840    -0.0707     0.2021     0.0726  -167.0760  4831.0000
   -0.1800    -0.0707     0.2021     0.0725  -167.0280  4831.0000
   -0.1760    -0.0705     0.2021     0.0723  -166.9980  4831.0000
   -0.1720    -0.0705     0.2020     0.0724  -166.9140  4831.0000
   -0.1679    -0.0701     0.2021     0.0719  -166.9080  4831.0000
   -0.1639    -0.0699     0.2021     0.0717  -166.9200  4831.0000
   -0.1599    -0.0701     0.2020     0.0719  -166.8360  4831.0000
   -0.1599    -0.0706     0.2016     0.0725  -166.6620  4831.0000
   -0.1460    -0.0705     0.2016     0.0725  -166.6380  4831.0000
   -0.1480    -0.0699     0.2019     0.0718  -166.7040  4831.0000
   -0.1400    -0.0695     0.2019     0.0714  -166.6860  4831.0000
   -0.1400    -0.0695     0.2019     0.0714  -166.6920  4831.0000
   -0.1360    -0.0696     0.2018     0.0715  -166.6320  4831.0000
   -0.1320    -0.0695     0.2018     0.0714  -166.5960  4831.0000
   -0.1280    -0.0697     0.2016     0.0717  -166.5060  4831.0000
   -0.1240    -0.0698     0.2015     0.0718  -166.4520  4831.0000
   -0.1200    -0.0703     0.2013     0.0724  -166.3320  4831.0000
   -0.1159    -0.0699     0.2013     0.0720  -166.3020  4831.0000
   -0.1119    -0.0703     0.2009     0.0724  -166.0680  4831.0000
   -0.1079    -0.0706     0.2008     0.0727  -166.0020  4831.0000
   -0.1039    -0.0704     0.2008     0.0725  -166.0140  4831.0000
   -0.0999    -0.0706     0.2008     0.0728  -166.0200  4831.0000
   -0.0959    -0.0699     0.2011     0.0720  -166.1160  4831.0000
   -0.0919    -0.0703     0.2008     0.0724  -165.9900  4831.0000
   -0.0879    -0.0703     0.2008     0.0725  -165.9480  4831.0000
   -0.0839    -0.0695     0.2012     0.0716  -166.0920  4831.0000
   -0.0800    -0.0689     0.2013     0.0710  -166.1280  4831.0000
   -0.0760    -0.0692     0.2011     0.0713  -166.0260  4831.0000
   -0.0720    -0.0699     0.2008     0.0721  -165.8940  4831.0000
   -0.0680    -0.0701     0.2006     0.0723  -165.8040  4831.0000
   -0.0640    -0.0699     0.2007     0.0721  -165.8460  4831.0000
   -0.0600    -0.0700     0.2006     0.0722  -165.7620  4831.0000
   -0.0559    -0.0697     0.2007     0.0719  -165.7560  4831.0000
   -0.0519    -0.0693     0.2007     0.0715  -165.6960  4831.0000
   -0.0479    -0.0696     0.2007     0.0718  -165.7320  4831.0000
   -0.0439    -0.0690     0.2009     0.0712  -165.7740  4831.0000
   -0.0399    -0.0691     0.2007     0.0713  -165.6780  4831.0000
   -0.0359    -0.0694     0.2006     0.0717  -165.6660  4831.0000
   -0.0319    -0.0696     0.2004     0.0718  -165.5460  4831.0000
   -0.0279    -0.0694     0.2005     0.0716  -165.5580  4831.0000
   -0.0239    -0.0696     0.2004     0.0719  -165.4980  4831.0000
   -0.0200    -0.0693     0.2005     0.0716  -165.5580  4831.0000
   -0.0160    -0.0687     0.2007     0.0709  -165.6120  4831.0000
   -0.0120    -0.0687     0.2007     0.0710  -165.5640  4831.0000
   -0.0080    -0.0690     0.2005     0.0712  -165.4560  4831.0000
   -0.0040    -0.0688     0.2005     0.0711  -165.4500  4831.0000
    0.0000    -0.0686     0.2007     0.0708  -165.5700  4831.0000
    0.0040    -0.0691     0.2003     0.0714  -165.3300  4831.0000
    0.0080    -0.0690     0.2002     0.0713  -165.2220  4831.0000
    0.0120    -0.0690     0.2001     0.0713  -165.2040  4831.0000
    0.0160    -0.0690     0.2001     0.0713  -165.1800  4831.0000
    0.0200    -0.0688     0.2003     0.0711  -165.3120  4831.0000
    0.0240    -0.0686     0.2005     0.0709  -165.3960  4831.0000
    0.0280    -0.0690     0.2002     0.0713  -165.2280  4831.0000
    0.0320    -0.0690     0.2003     0.0713  -165.3120  4831.0000
    0.0360    -0.0680     0.2006     0.0703  -165.3900  4831.0000
    0.0400    -0.0681     0.2007     0.0703  -165.4860  4831.0000
    0.0440    -0.0685     0.2006     0.0708  -165.4620  4831.0000
    0.0480    -0.0684     0.2006     0.0707  -165.4680  4831.0000
    0.0520    -0.0683     0.2007     0.0705  -165.5280  4831.0000
    0.0560    -0.0681     0.2007     0.0704  -165.4380  4831.0000
    0.0600    -0.0682     0.2007     0.0704  -165.4440  4831.0000
    0.0640    -0.0685     0.2006     0.0708  -165.4560  4831.0000
    0.0680    -0.0690     0.2005     0.0712  -165.4860  4831.0000
    0.0720    -0.0684     0.2008     0.0706  -165.6180  4831.0000
    0.0760    -0.0686     0.2007     0.0709  -165.5880  4831.0000
    0.0799    -0.0680     0.2011     0.0701  -165.7920  4831.0000
    0.0839    -0.0683     0.2010     0.0704  -165.7500  4831.0000
    0.0879    -0.0685     0.2009     0.0707  -165.7320  4831.0000
    0.0919    -0.0681     0.2012     0.0702  -165.8160  4831.0000
    0.0959    -0.0675     0.2014     0.0696  -165.9300  4831.0000
    0.0999    -0.0673     0.2018     0.0693  -166.2120  4831.0000
    0.1039    -0.0679     0.2014     0.0699  -165.9960  4831.0000
    0.1079    -0.0672     0.2018     0.0692  -166.1460  4831.0000
    0.1119    -0.0674     0.2018     0.0694  -166.2120  4831.0000
    0.1159    -0.0676     0.2016     0.0696  -166.0800  4831.0000
    0.1200    -0.0675     0.2018     0.0695  -166.2060  4831.0000
    0.1240    -0.0674     0.2019     0.0694  -166.2420  4831.0000
    0.1280    -0.0676     0.2018     0.0696  -166.2060  4831.0000
    0.1320    -0.0674     0.2019     0.0694  -166.2900  4831.0000
    0.1360    -0.0671     0.2021     0.0691  -166.4220  4831.0000
    0.1400    -0.0675     0.2019     0.0695  -166.2780  4831.0000
    0.1440    -0.0674     0.2021     0.0693  -166.4280  4831.0000
    0.1480    -0.0672     0.2022     0.0691  -166.4820  4831.0000
    0.1520    -0.0676     0.2020     0.0695  -166.4040  4831.0000
    0.1560    -0.0669     0.2024     0.0687  -166.5660  4831.0000
    0.1560    -0.0670     0.2023     0.0688  -166.5480  4831.0000
    0.1640    -0.0676     0.2022     0.0695  -166.5480  4831.0000
    0.1680    -0.0679     0.2021     0.0698  -166.5480  4831.0000
    0.1720    -0.0679     0.2022     0.0698  -166.5720  4831.0000
    0.1760    -0.0679     0.2022     0.0698  -166.5840  4831.0000
    0.1800    -0.0678     0.2023     0.0697  -166.6440  4831.0000
    0.1840    -0.0675     0.2025     0.0693  -166.7400  4831.0000
    0.1880    -0.0677     0.2025     0.0695  -166.7880  4831.0000
    0.1920    -0.0673     0.2027     0.0691  -166.9080  4831.0000
    0.1960    -0.0672     0.2027     0.0690  -166.9080  4831.0000
    0.1960    -0.0672     0.2029     0.0689  -167.0520  4831.0000
    0.2039    -0.0670     0.2030     0.0687  -167.1240  4831.0000
    0.2079    -0.0670     0.2032     0.0687  -167.2020  4831.0000
    0.2119    -0.0666     0.2034     0.0682  -167.3760  4831.0000
    0.2159    -0.0659     0.2038     0.0675  -167.5080  4831.0000
    0.2199    -0.0663     0.2036     0.0679  -167.4480  4831.0000
    0.2239    -0.0660     0.2039     0.0675  -167.5980  4831.0000
    0.2279    -0.0665     0.2036     0.0681  -167.4900  4831.0000
    0.2319    -0.0660     0.2040     0.0676  -167.7180  4831.0000
    0.2360    -0.0658     0.2041     0.0673  -167.7480  4831.0000
    0.2400    -0.0655     0.2041     0.0670  -167.7240  4831.0000
    0.2440    -0.0657     0.2042     0.0672  -167.8080  4831.0000
    0.2480    -0.0654     0.2044     0.0668  -167.9460  4831.0000
    0.2520    -0.0651     0.2046     0.0666  -168.0840  4831.0000
    0.2560    -0.0653     0.2046     0.0667  -168.0960  4831.0000
    0.2600    -0.0655     0.2046     0.0670  -168.1320  4831.0000
    0.2640    -0.0653     0.2047     0.0668  -168.1620  4831.0000
    0.2680    -0.0657     0.2044     0.0671  -168.0060  4831.0000
    0.2720    -0.0650     0.2048     0.0664  -168.2460  4831.0000
    0.2760    -0.0653     0.2048     0.0667  -168.2700  4831.0000
    0.2800    -0.0656     0.2048     0.0670  -168.2760  4831.0000
    0.2840    -0.0651     0.2049     0.0665  -168.3240  4831.0000
    0.2880    -0.0649     0.2051     0.0662  -168.4440  4831.0000
    0.2920    -0.0657     0.2047     0.0671  -168.2820  4831.0000
    0.2960    -0.0657     0.2049     0.0671  -168.3900  4831.0000
    0.3000    -0.0663     0.2046     0.0677  -168.2340  4831.0000
    0.3040    -0.0659     0.2047     0.0673  -168.3060  4831.0000
    0.3080    -0.0653     0.2050     0.0667  -168.4080  4831.0000
    0.3120    -0.0654     0.2051     0.0667  -168.4920  4831.0000
    0.3160    -0.0652     0.2053     0.0665  -168.6960  4831.0000
    0.3200    -0.0654     0.2052     0.0667  -168.6180  4831.0000
    0.3240    -0.0666     0.2047     0.0679  -168.3960  4831.0000
    0.3280    -0.0657     0.2051     0.0670  -168.6180  4831.0000
    0.3320    -0.0660     0.2052     0.0673  -168.6900  4831.0000
    0.3359    -0.0657     0.2052     0.0670  -168.7080  4831.0000
    0.3399    -0.0652     0.2055     0.0665  -168.8100  4831.0000
    0.3440    -0.0660     0.2051     0.0673  -168.6120  4831.0000
    0.3480    -0.0657     0.2053     0.0670  -168.7860  4831.0000
    0.3520    -0.0659     0.2052     0.0672  -168.7020  4831.0000
    0.3560    -0.0656     0.2053     0.0669  -168.7560  4831.0000
    0.3600    -0.0654     0.2054     0.0667  -168.7800  4831.0000
    0.3640    -0.0651     0.2056     0.0663  -168.8700  4831.0000
    0.3680    -0.0653     0.2057     0.0665  -169.0260  4831.0000
    0.3720    -0.0658     0.2054     0.0670  -168.8820  4831.0000
    0.3760    -0.0652     0.2057     0.0664  -168.9780  4831.0000
    0.3800    -0.0656     0.2055     0.0668  -168.9240  4831.0000
    0.3840    -0.0652     0.2057     0.0664  -169.0320  4831.0000
    0.3880    -0.0651     0.2058     0.0663  -169.0860  4831.0000
    0.3920    -0.0653     0.2058     0.0665  -169.1340  4831.0000
    0.3960    -0.0650     0.2060     0.0662  -169.2180  4831.0000
    0.4000    -0.0653     0.2057     0.0665  -169.0500  4831.0000
    0.4040    -0.0653     0.2058     0.0665  -169.1340  4831.0000
    0.4080    -0.0647     0.2061     0.0658  -169.3020  4831.0000
    0.4120    -0.0651     0.2059     0.0663  -169.1940  4831.0000
    0.4160    -0.0647     0.2062     0.0658  -169.3260  4831.0000
    0.4200    -0.0648     0.2061     0.0659  -169.2600  4831.0000
    0.4218    -0.0652     0.2059     0.0664  -169.1340  4831.0000
    0.4280    -0.0646     0.2062     0.0658  -169.3140  4831.0000
    0.4320    -0.0647     0.2061     0.0658  -169.2780  4831.0000
    0.4338    -0.0648     0.2060     0.0660  -169.2180  4831.0000
    0.4400    -0.0650     0.2060     0.0661  -169.2720  4831.0000
    0.4440    -0.0644     0.2063     0.0655  -169.3800  4831.0000
    0.4480    -0.0645     0.2063     0.0656  -169.4280  4831.0000
    6.5850    -0.0648     0.2061     0.0659  -169.3140  4831.0000
    0.4560    -0.0647     0.2061     0.0658  -169.2960  4831.0000
    6.7340    -0.0650     0.2060     0.0662  -169.2720  4831.0000
    0.4639    -0.0644     0.2063     0.0655  -169.4400  4831.0000
    0.4679    -0.0641     0.2066     0.0652  -169.5780  4831.0000
    6.9110    -0.0635     0.2068     0.0645  -169.7100  4831.0000
    0.4760    -0.0642     0.2064     0.0653  -169.4580  4831.0000
    0.4800    -0.0646     0.2062     0.0657  -169.3740  4831.0000
    0.4840    -0.0647     0.2062     0.0658  -169.3260  4831.0000
    0.4880    -0.0647     0.2060     0.0659  -169.2240  4831.0000
    0.4920    -0.0642     0.2062     0.0653  -169.3140  4831.0000
    7.0000    -0.0638     0.2065     0.0649  -169.4460  4831.0000
    0.5000    -0.0638     0.2065     0.0649  -169.4760  4831.0000
   -0.5000    -0.0744     0.2032     0.0759  -168.4560  4831.0000
   -0.4960    -0.0751     0.2029     0.0767  -168.3480  4831.0000
   -0.4920    -0.0747     0.2031     0.0763  -168.4560  4831.0000
   -0.4880    -0.0745     0.2032     0.0761  -168.4800  4831.0000
   -0.4840    -0.0756     0.2027     0.0772  -168.2700  4831.0000
   -0.4800    -0.0761     0.2025     0.0777  -168.2040  4831.0000
   -0.4760    -0.0753     0.2029     0.0769  -168.4020  4831.0000
   -0.4720    -0.0756     0.2027     0.0772  -168.3300  4831.0000
   -0.4679    -0.0758     0.2027     0.0773  -168.3120  4831.0000
   -0.4639    -0.0752     0.2029     0.0768  -168.3660  4831.0000
   77.0000    -0.0745     0.2032     0.0760  -168.4980  4831.0000
   -0.4560    -0.0748     0.2030     0.0764  -168.3900  4831.0000
   -0.4520    -0.0752     0.2028     0.0768  -168.3300  4831.0000
   -0.4480    -0.0748     0.2030     0.0764  -168.4080  4831.0000
   -0.4440    -0.0747     0.2030     0.0762  -168.3960  4831.0000
   -0.4400    -0.0748     0.2031     0.0763  -168.4320  4831.0000
   -0.4360    -0.0746     0.2031     0.0761  -168.4440  4831.0000
   -0.4320    -0.0742     0.2032     0.0757  -168.4740  4831.0000
   -0.4280    -0.0748     0.2029     0.0764  -168.3480  4831.0000
   -0.4240    -0.0743     0.2032     0.0758  -168.4560  4831.0000
   -0.4200    -0.0740     0.2033     0.0755  -168.5100  4831.0000
   -0.4160    -0.0735     0.2035     0.0749  -168.5880  4831.0000
   -0.4120    -0.0738     0.2033     0.0753  -168.4620  4831.0000
   -0.4080    -0.0737     0.2033     0.0753  -168.4260  4831.0000
   -0.4040    -0.0738     0.2032     0.0754  -168.4200  4831.0000
   -0.4000    -0.0744     0.2030     0.0759  -168.3600  4831.0000
   -0.3960    -0.0748     0.2028     0.0764  -168.2280  4831.0000
   -0.3920    -0.0740     0.2030     0.0756  -168.3060  4831.0000
   -0.3880    -0.0742     0.2029     0.0758  -168.2220  4831.0000
   -0.3840    -0.0733     0.2033     0.0748  -168.4020  4831.0000
   -0.3800    -0.0733     0.2034     0.0748  -168.4440  4831.0000
   -0.3760    -0.0735     0.2032     0.0750  -168.3600  4831.0000
   -0.3720    -0.0728     0.2035     0.0743  -168.4620  4831.0000
   -0.3680    -0.0728     0.2034     0.0743  -168.4080  4831.0000
   -0.3640    -0.0735     0.2032     0.0750  -168.3420  4831.0000
   -0.3600    -0.0728     0.2035     0.0743  -168.4620  4831.0000
   -0.3560    -0.0727     0.2034     0.0742  -168.3900  4831.0000
   -0.3520    -0.0726     0.2035     0.0741  -168.4560  4831.0000
   -0.3480    -0.0720     0.2037     0.0735  -168.5160  4831.0000
   -0.3440    -0.0726     0.2034     0.0741  -168.3960  4831.0000
   -0.3399    -0.0735     0.2031     0.0750  -168.2580  4831.0000
   -0.3359    -0.0733     0.2031     0.0749  -168.2700  4831.0000
   -0.3319    -0.0727     0.2034     0.0742  -168.3900  4831.0000
   -0.3279    -0.0724     0.2035     0.0739  -168.4080  4831.0000
   -0.3240    -0.0725     0.2034     0.0740  -168.3480  4831.0000
   -0.3200    -0.0728     0.2032     0.0743  -168.2400  4831.0000
   -0.3160    -0.0729     0.2031     0.0745  -168.1560  4831.0000
   -0.3120    -0.0729     0.2030     0.0745  -168.1020  4831.0000
   -0.3080    -0.0726     0.2031     0.0742  -168.1560  4831.0000
   -0.3040    -0.0728     0.2029     0.0744  -168.0000  4831.0000
   -0.3000    -0.0721     0.2032     0.0737  -168.1500  4831.0000
   -0.2960    -0.0723     0.2030     0.0739  -168.0300  4831.0000
   -0.2920    -0.0721     0.2031     0.0737  -168.0480  4831.0000
   -0.2880    -0.0725     0.2029     0.0741  -167.9580  4831.0000
   -0.2840    -0.0723     0.2029     0.0739  -167.8980  4831.0000
   -0.2800    -0.0727     0.2027     0.0744  -167.8140  4831.0000
   -0.2760    -0.0725     0.2027     0.0742  -167.8080  4831.0000
   -0.2720    -0.0725     0.2026     0.0742  -167.7420  4831.0000
   -0.2680    -0.0725     0.2027     0.0741  -167.8320  4831.0000
   -0.2640    -0.0720     0.2029     0.0736  -167.8440  4831.0000
   -0.2600    -0.0716     0.2030     0.0732  -167.8980  4831.0000
   -0.2560    -0.0714     0.2030     0.0730  -167.8260  4831.0000
   -0.2520    -0.0713     0.2031     0.0729  -167.8980  4831.0000
   -0.2480    -0.0712     0.2031     0.0728  -167.8800  4831.0000
   -0.2440    -0.0712     0.2029     0.0728  -167.7780  4831.0000
   -0.2400    -0.0715     0.2028     0.0731  -167.7120  4831.0000
   -0.2360    -0.0711     0.2029     0.0728  -167.7480  4831.0000
   -0.2319    -0.0707     0.2031     0.0723  -167.7900  4831.0000
   -0.2279    -0.0715     0.2027     0.0732  -167.6280  4831.0000
   -0.2239    -0.0709     0.2030     0.0726  -167.7480  4831.0000
   -0.2199    -0.0709     0.2029     0.0726  -167.6820  4831.0000
   -0.2159    -0.0707     0.2029     0.0724  -167.6820  4831.0000
   -0.2199    -0.0707     0.2029     0.0723  -167.6940  4831.0000
   -0.2080    -0.0708     0.2028     0.0725  -167.6100  4831.0000
   -0.2000    -0.0712     0.2025     0.0730  -167.4480  4831.0000
   -0.2000    -0.0707     0.2026     0.0724  -167.4540  4831.0000
   -0.1960    -0.0707     0.2026     0.0724  -167.4480  4831.0000
   -0.1900    -0.0710     0.2024     0.0728  -167.3040  4831.0000
   -0.1800    -0.0701     0.2026     0.0718  -167.3580  4831.0000
   -0.1840    -0.0707     0.2021     0.0726  -167.0760  4831.0000
   -0.1800    -0.0707     0.2021     0.0725  -167.0280  4831.0000
   -0.1760    -0.0705     0.2021     0.0723  -166.9980  4831.0000
   -0.1720    -0.0705     0.2020     0.0724  -166.9140  4831.0000
   -0.1679    -0.0701     0.2021     0.0719  -166.9080  4831.0000
   -0.1639    -0.0699     0.2021     0.0717  -166.9200  4831.0000
   -0.1599    -0.0701     0.2020     0.0719  -166.8360  4831.0000
   -0.1599    -0.0706     0.2016     0.0725  -166.6620  4831.0000
   -0.1460    -0.0705     0.2016     0.0725  -166.6380  4831.0000
   -0.1480    -0.0699     0.2019     0.0718  -166.7040  4831.0000
   -0.1400    -0.0695     0.2019     0.0714  -166.6860  4831.0000
   -0.1400    -0.0695     0.2019     0.0714  -166.6920  4831.0000
   -0.1360    -0.0696     0.2018     0.0715  -166.6320  4831.0000
   -0.1320    -0.0695     0.2018     0.0714  -166.5960  4831.0000
   -0.1280    -0.0697     0.2016     0.0717  -166.5060  4831.0000
   -0.1240    -0.0698     0.2015     0.0718  -166.4520  4831.0000
   -0.1200    -0.0703     0.2013     0.0724  -166.3320  4831.0000
   -0.1159    -0.0699     0.2013     0.0720  -166.3020  4831.0000
   -0.1119    -0.0703     0.2009     0.0724  -166.0680  4831.0000
   -0.1079    -0.0706     0.2008     0.0727  -166.0020  4831.0000
   -0.1039    -0.0704     0.2008     0.0725  -166.0140  4831.0000
   -0.0999    -0.0706     0.2008     0.0728  -166.0200  4831.0000
   -0.0959    -0.0699     0.2011     0.0720  -166.1160  4831.0000
   -0.0919    -0.0703     0.2008     0.0724  -165.9900  4831.0000
   -0.0879    -0.0703     0.2008     0.0725  -165.9480  4831.0000
   -0.0839    -0.0695     0.2012     0.0716  -166.0920  4831.0000
   -0.0800    -0.0689     0.2013     0.0710  -166.1280  4831.0000
   -0.0760    -0.0692     0.2011     0.0713  -166.0260  4831.0000
   -0.0720    -0.0699     0.2008     0.0721  -165.8940  4831.0000
   -0.0680    -0.0701     0.2006     0.0723  -165.8040  4831.0000
   -0.0640    -0.0699     0.2007     0.0721  -165.8460  4831.0000
   -0.0600    -0.0700     0.2006     0.0722  -165.7620  4831.0000
   -0.0559    -0.0697     0.2007     0.0719  -165.7560  4831.0000
   -0.0519    -0.0693     0.2007     0.0715  -165.6960  4831.0000
   -0.0479    -0.0696     0.2007     0.0718  -165.7320  4831.0000
   -0.0439    -0.0690     0.2009     0.0712  -165.7740  4831.0000
   -0.0399    -0.0691     0.2007     0.0713  -165.6780  4831.0000
   -0.0359    -0.0694     0.2006     0.0717  -165.6660  4831.0000
   -0.0319    -0.0696     0.2004     0.0718  -165.5460  4831.0000
   -0.0279    -0.0694     0.2005     0.0716  -165.5580  4831.0000
   -0.0239    -0.0696     0.2004     0.0719  -165.4980  4831.0000
   -0.0200    -0.0693     0.2005     0.0716  -165.5580  4831.0000
   -0.0160    -0.0687     0.2007     0.0709  -165.6120  4831.0000
   -0.0120    -0.0687     0.2007     0.0710  -165.5640  4831.0000
   -0.0080    -0.0690     0.2005     0.0712  -165.4560  4831.0000
   -0.0040    -0.0688     0.2005     0.0711  -165.4500  4831.0000
    0.0000    -0.0686     0.2007     0.0708  -165.5700  4831.0000
    0.0040    -0.0691     0.2003     0.0714  -165.3300  4831.0000
    0.0080    -0.0690     0.2002     0.0713  -165.2220  4831.0000
    0.0120    -0.0690     0.2001     0.0713  -165.2040  4831.0000
    0.0160    -0.0690     0.2001     0.0713  -165.1800  4831.0000
    0.0200    -0.0688     0.2003     0.0711  -165.3120  4831.0000
    0.0240    -0.0686     0.2005     0.0709  -165.3960  4831.0000
    0.0280    -0.0690     0.2002     0.0713  -165.2280  4831.0000
    0.0320    -0.0690     0.2003     0.0713  -165.3120  4831.0000
    0.0360    -0.0680     0.2006     0.0703  -165.3900  4831.0000
    0.0400    -0.0681     0.2007     0.0703  -165.4860  4831.0000
    0.0440    -0.0685     0.2006     0.0708  -165.4620  4831.0000
    0.0480    -0.0684     0.2006     0.0707  -165.4680  4831.0000
    0.0520    -0.0683     0.2007     0.0705  -165.5280  4831.0000
    0.0560    -0.0681     0.2007     0.0704  -165.4380  4831.0000
    0.0600    -0.0682     0.2007     0.0704  -165.4440  4831.0000
    0.0640    -0.0685     0.2006     0.0708  -165.4560  4831.0000
    0.0680    -0.0690     0.2005     0.0712  -165.4860  4831.0000
    0.0720    -0.0684     0.2008     0.0706  -165.6180  4831.0000
    0.0760    -0.0686     0.2007     0.0709  -165.5880  4831.0000
    0.0799    -0.0680     0.2011     0.0701  -165.7920  4831.0000
    0.0839    -0.0683     0.2010     0.0704  -165.7500  4831.0000
    0.0879    -0.0685     0.2009     0.0707  -165.7320  4831.0000
    0.0919    -0.0681     0.2012     0.0702  -165.8160  4831.0000
    0.0959    -0.0675     0.2014     0.0696  -165.9300  4831.0000
    0.0999    -0.0673     0.2018     0.0693  -166.2120  4831.0000
    0.1039    -0.0679     0.2014     0.0699  -165.9960  4831.0000
    0.1079    -0.0672     0.2018     0.0692  -166.1460  4831.0000
    0.1119    -0.0674     0.2018     0.0694  -166.2120  4831.0000
    0.1159    -0.0676     0.2016     0.0696  -166.0800  4831.0000
    0.1200    -0.0675     0.2018     0.0695  -166.2060  4831.0000
    0.1240    -0.0674     0.2019     0.0694  -166.2420  4831.0000
    0.1280    -0.0676     0.2018     0.0696  -166.2060  4831.0000
    0.1320    -0.0674     0.2019     0.0694  -166.2900  4831.0000
    0.1360    -0.0671     0.2021     0.0691  -166.4220  4831.0000
    0.1400    -0.0675     0.2019     0.0695  -166.2780  4831.0000
    0.1440    -0.0674     0.2021     0.0693  -166.4280  4831.0000
    0.1480    -0.0672     0.2022     0.0691  -166.4820  4831.0000
    0.1520    -0.0676     0.2020     0.0695  -166.4040  4831.0000
    0.1560    -0.0669     0.2024     0.0687  -166.5660  4831.0000
    0.1560    -0.0670     0.2023     0.0688  -166.5480  4831.0000
    0.1640    -0.0676     0.2022     0.0695  -166.5480  4831.0000
    0.1680    -0.0679     0.2021     0.0698  -166.5480  4831.0000
    0.1720    -0.0679     0.2022     0.0698  -166.5720  4831.0000
    0.1760    -0.0679     0.2022     0.0698  -166.5840  4831.0000
    0.1800    -0.0678     0.2023     0.0697  -166.6440  4831.0000
    0.1840    -0.0675     0.2025     0.0693  -166.7400  4831.0000
    0.1880    -0.0677     0.2025     0.0695  -166.7880  4831.0000
    0.1920    -0.0673     0.2027     0.0691  -166.9080  4831.0000
    0.1960    -0.0672     0.2027     0.0690  -166.9080  4831.0000
    0.1960    -0.0672     0.2029     0.0689  -167.0520  4831.0000
    0.2039    -0.0670     0.2030     0.0687  -167.1240  4831.0000
    0.2079    -0.0670     0.2032     0.0687  -167.2020  4831.0000
    0.2119    -0.0666     0.2034     0.0682  -167.3760  4831.0000
    0.2159    -0.0659     0.2038     0.0675  -167.5080  4831.0000
    0.2199    -0.0663     0.2036     0.0679  -167.4480  4831.0000
    0.2239    -0.0660     0.2039     0.0675  -167.5980  4831.0000
    0.2279    -0.0665     0.2036     0.0681  -167.4900  4831.0000
    0.2319    -0.0660     0.2040     0.0676  -167.7180  4831.0000
    0.2360    -0.0658     0.2041     0.0673  -167.7480  4831.0000
    0.2400    -0.0655     0.2041     0.0670  -167.7240  4831.0000
    0.2440    -0.0657     0.2042     0.0672  -167.8080  4831.0000
    0.2480    -0.0654     0.2044     0.0668  -167.9460  4831.0000
    0.2520    -0.0651     0.2046     0.0666  -168.0840  4831.0000
    0.2560    -0.0653     0.2046     0.0667  -168.0960  4831.0000
    0.2600    -0.0655     0.2046     0.0670  -168.1320  4831.0000
    0.2640    -0.0653     0.2047     0.0668  -168.1620  4831.0000
    0.2680    -0.0657     0.2044     0.0671  -168.0060  4831.0000
    0.2720    -0.0650     0.2048     0.0664  -168.2460  4831.0000
    0.2760    -0.0653     0.2048     0.0667  -168.2700  4831.0000
    0.2800    -0.0656     0.2048     0.0670  -168.2760  4831.0000
    0.2840    -0.0651     0.2049     0.0665  -168.3240  4831.0000
    0.2880    -0.0649     0.2051     0.0662  -168.4440  4831.0000
    0.2920    -0.0657     0.2047     0.0671  -168.2820  4831.0000
    0.2960    -0.0657     0.2049     0.0671  -168.3900  4831.0000
    0.3000    -0.0663     0.2046     0.0677  -168.2340  4831.0000
    0.3040    -0.0659     0.2047     0.0673  -168.3060  4831.0000
    0.3080    -0.0653     0.2050     0.0667  -168.4080  4831.0000
    0.3120    -0.0654     0.2051     0.0667  -168.4920  4831.0000
    0.3160    -0.0652     0.2053     0.0665  -168.6960  4831.0000
    0.3200    -0.0654     0.2052     0.0667  -168.6180  4831.0000
    0.3240    -0.0666     0.2047     0.0679  -168.3960  4831.0000
    0.3280    -0.0657     0.2051     0.0670  -168.6180  4831.0000
    0.3320    -0.0660     0.2052     0.0673  -168.6900  4831.0000
    0.3359    -0.0657     0.2052     0.0670  -168.7080  4831.0000
    0.3399    -0.0652     0.2055     0.0665  -168.8100  4831.0000
    0.3440    -0.0660     0.2051     0.0673  -168.6120  4831.0000
    0.3480    -0.0657     0.2053     0.0670  -168.7860  4831.0000
    0.3520    -0.0659     0.2052     0.0672  -168.7020  4831.0000
    0.3560    -0.0656     0.2053     0.0669  -168.7560  4831.0000
    0.3600    -0.0654     0.2054     0.0667  -168.7800  4831.0000
    0.3640    -0.0651     0.2056     0.0663  -168.8700  4831.0000
    0.3680    -0.0653     0.2057     0.0665  -169.0260  4831.0000
    0.3720    -0.0658     0.2054     0.0670  -168.8820  4831.0000
    0.3760    -0.0652     0.2057     0.0664  -168.9780  4831.0000
    0.3800    -0.0656     0.2055     0.0668  -168.9240  4831.0000
    0.3840    -0.0652     0.2057     0.0664  -169.0320  4831.0000
    0.3880    -0.0651     0.2058     0.0663  -169.0860  4831.0000
    0.3920    -0.0653     0.2058     0.0665  -169.1340  4831.0000
    0.3960    -0.0650     0.2060     0.0662  -169.2180  4831.0000
    0.4000    -0.0653     0.2057     0.0665  -169.0500  4831.0000
    0.4040    -0.0653     0.2058     0.0665  -169.1340  4831.0000
    0.4080    -0.0647     0.2061     0.0658  -169.3020  4831.0000
    0.4120    -0.0651     0.2059     0.0663  -169.1940  4831.0000
    0.4160    -0.0647     0.2062     0.0658  -169.3260  4831.0000
    0.4200    -0.0648     0.2061     0.0659  -169.2600  4831.0000
    0.4218    -0.0652     0.2059     0.0664  -169.1340  4831.0000
    0.4280    -0.0646     0.2062     0.0658  -169.3140  4831.0000
    0.4320    -0.0647     0.2061     0.0658  -169.2780  4831.0000
    0.4338    -0.0648     0.2060     0.0660  -169.2180  4831.0000
    0.4400    -0.0650     0.2060     0.0661  -169.2720  4831.0000
    0.4440    -0.0644     0.2063     0.0655  -169.3800  4831.0000
    0.4480    -0.0645     0.2063     0.0656  -169.4280  4831.0000
    6.5850    -0.0648     0.2061     0.0659  -169.3140  4831.0000
    0.4560    -0.0647     0.2061     0.0658  -169.2960  4831.0000
    6.7340    -0.0650     0.2060     0.0662  -169.2720  4831.0000
    0.4639    -0.0644     0.2063     0.0655  -169.4400  4831.0000
    0.4679    -0.0641     0.2066     0.0652  -169.5780  4831.0000
    6.9110    -0.0635     0.2068     0.0645  -169.7100  4831.0000
    0.4760    -0.0642     0.2064     0.0653  -169.4580  4831.0000
    0.4800    -0.0646     0.2062     0.0657  -169.3740  4831.0000
    0.4840    -0.0647     0.2062     0.0658  -169.3260  4831.0000
    0.4880    -0.0647     0.2060     0.0659  -169.2240  4831.0000
    0.4920    -0.0642     0.2062     0.0653  -169.3140  4831.0000
    7.0000    -0.0638     0.2065     0.0649  -169.4460  4831.0000
    0.5000    -0.0638     0.2065     0.0649  -169.4760  4831.0000
