   -0.5000     0.0303     0.2184     0.0346    28.8660  4831.0000
   -0.4960     0.0302     0.2184     0.0345    29.0280  4831.0000
   -0.4920     0.0303     0.2184     0.0348    29.4300  4831.0000
   -0.4880     0.0297     0.2184     0.0343    29.7780  4831.0000
   -0.4840     0.0286     0.2184     0.0330    30.0540  4831.0000
   -0.4800     0.0286     0.2184     0.0331    30.2940  4831.0000
   -0.4760     0.0281     0.2184     0.0325    30.3780  4831.0000
   -0.4720     0.0290     0.2184     0.0335    29.9820  4831.0000
   -0.4679     0.0287     0.2184     0.0332    30.0480  4831.0000
   -0.4639     0.0270     0.2184     0.0314    30.5340  4831.0000
   -0.4600     0.0288     0.2184     0.0331    29.5200  4831.0000
   -0.4560     0.0280     0.2184     0.0324    30.0480  4831.0000
   -0.4520     0.0286     0.2184     0.0330    29.8920  4831.0000
   -0.4480     0.0283     0.2184     0.0326    29.8380  4831.0000
   -0.4440     0.0281     0.2184     0.0324    29.8080  4831.0000
   -0.4400     0.0299     0.2184     0.0343    29.2200  4831.0000
   -0.4360     0.0310     0.2184     0.0354    28.9860  4831.0000
   -0.4320     0.0301     0.2184     0.0345    29.3820  4831.0000
   -0.4280     0.0297     0.2184     0.0341    29.3280  4831.0000
   -0.4240     0.0300     0.2184     0.0344    29.2380  4831.0000
   -0.4200     0.0294     0.2184     0.0338    29.8440  4831.0000
   -0.4160     0.0321     0.2184     0.0366    28.8660  4831.0000
   -0.4200     0.0320     0.2184     0.0365    28.8240  4831.0000
   -0.4080     0.0318     0.2184     0.0363    28.7400  4831.0000
   -0.4040     0.0327     0.2184     0.0373    28.5300  4831.0000
   -0.4000     0.0321     0.2184     0.0365    28.5660  4831.0000
   -0.3960     0.0313     0.2184     0.0358    29.0340  4831.0000
   -0.3920     0.0307     0.2184     0.0352    29.2200  4831.0000
   -0.3880     0.0302     0.2184     0.0348    29.5740  4831.0000
   -0.3840     0.0312     0.2184     0.0358    29.2860  4831.0000
   -0.3800     0.0301     0.2184     0.0345    29.3880  4831.0000
   -0.3760     0.0290     0.2184     0.0335    30.0420  4831.0000
   -0.3720     0.0282     0.2184     0.0328    30.6900  4831.0000
   -0.3680     0.0289     0.2184     0.0334    30.2760  4831.0000
   -0.3640     0.0296     0.2184     0.0342    30.0720  4831.0000
   -0.3600     0.0302     0.2184     0.0348    29.8380  4831.0000
   -0.3560     0.0298     0.2184     0.0344    30.0420  4831.0000
   -0.3520     0.0306     0.2184     0.0354    30.0660  4831.0000
   -0.3480     0.0299     0.2184     0.0348    30.6660  4831.0000
   -0.3440     0.0300     0.2184     0.0350    30.7500  4831.0000
   -0.3399     0.0310     0.2184     0.0360    30.4920  4831.0000
   -0.3359     0.0318     0.2184     0.0369    30.3420  4831.0000
   -0.3319     0.0328     0.2184     0.0379    29.9580  4831.0000
   -0.3457     0.0322     0.2184     0.0373    30.2880  4831.0000
   -0.3369     0.0328     0.2184     0.0378    29.6040  4831.0000
   -0.3200     0.0330     0.2184     0.0379    29.2980  4831.0000
   -0.3160     0.0340     0.2184     0.0390    29.1660  4831.0000
   -0.3120     0.0333     0.2184     0.0383    29.5080  4831.0000
   -0.3080     0.0320     0.2184     0.0369    29.7840  4831.0000
   -0.3040     0.0321     0.2184     0.0369    29.6040  4831.0000
   -0.3000     0.0332     0.2184     0.0381    29.2920  4831.0000
   -0.2960     0.0337     0.2184     0.0386    29.2860  4831.0000
   -0.2920     0.0343     0.2184     0.0393    29.2680  4831.0000
   -0.2880     0.0371     0.2184     0.0420    27.8280  4831.0000
   -0.2840     0.0337     0.2184     0.0387    29.4300  4831.0000
   -0.2800     0.0315     0.2184     0.0365    30.4560  4831.0000
   -0.2760     0.0322     0.2184     0.0372    30.2520  4831.0000
   -0.2700     0.0334     0.2184     0.0384    29.5980  4831.0000
   -0.2680     0.0323     0.2184     0.0372    29.9640  4831.0000
   -0.2640     0.0336     0.2184     0.0387    29.7720  4831.0000
   -0.2600     0.0339     0.2184     0.0390    29.6760  4831.0000
   -0.2560     0.0329     0.2184     0.0380    29.9460  4831.0000
   -0.2520     0.0323     0.2184     0.0374    30.2760  4831.0000
   -0.2480     0.0315     0.2184     0.0366    30.4560  4831.0000
   -0.2440     0.0319     0.2184     0.0369    30.2820  4831.0000
   -0.2400     0.0311     0.2184     0.0363    30.9120  4831.0000
   -0.2360     0.0328     0.2184     0.0382    30.6360  4831.0000
   -0.2319     0.0320     0.2184     0.0372    30.7740  4831.0000
   -0.2279     0.0322     0.2184     0.0375    30.7980  4831.0000
   -0.2239     0.0325     0.2184     0.0377    30.5520  4831.0000
   -0.2199     0.0332     0.2184     0.0385    30.3780  4831.0000
   -0.2159     0.0333     0.2184     0.0385    30.3240  4831.0000
   -0.2119     0.0324     0.2184     0.0376    30.6420  4831.0000
   -0.2080     0.0312     0.2184     0.0365    31.0260  4831.0000
   -0.2040     0.0309     0.2184     0.0362    31.2780  4831.0000
   -0.2000     0.0319     0.2184     0.0373    31.0620  4831.0000
   -0.1960     0.0306     0.2184     0.0359    31.4880  4831.0000
   -0.1920     0.0307     0.2184     0.0360    31.4940  4831.0000
   -0.1880     0.0305     0.2184     0.0357    31.3560  4831.0000
   -0.1840     0.0304     0.2184     0.0356    31.3620  4831.0000
   -0.1800     0.0299     0.2184     0.0350    31.4100  4831.0000
   -0.1760     0.0295     0.2184     0.0346    31.6020  4831.0000
   -0.1720     0.0297     0.2184     0.0349    31.5480  4831.0000
   -0.1679     0.0311     0.2184     0.0363    31.1340  4831.0000
   -0.1639     0.0306     0.2184     0.0358    31.3680  4831.0000
   -0.1599     0.0311     0.2184     0.0363    31.0560  4831.0000
   -0.1559     0.0302     0.2184     0.0354    31.5000  4831.0000
   -0.1519     0.0315     0.2184     0.0368    31.1760  4831.0000
   -0.1480     0.0328     0.2184     0.0382    30.9120  4831.0000
   -0.1440     0.0313     0.2184     0.0366    31.3200  4831.0000
   -0.1400     0.0313     0.2184     0.0365    31.0860  4831.0000
   -0.1360     0.0316     0.2184     0.0369    30.9960  4831.0000
   -0.1320     0.0298     0.2184     0.0351    31.7460  4831.0000
   -0.1280     0.0303     0.2184     0.0355    31.4280  4831.0000
   -0.1240     0.0292     0.2184     0.0344    31.9440  4831.0000
   -0.1200     0.0292     0.2184     0.0344    31.7520  4831.0000
   -0.1159     0.0302     0.2184     0.0355    31.6740  4831.0000
   -0.1119     0.0307     0.2184     0.0360    31.6380  4831.0000
   -0.1079     0.0294     0.2184     0.0348    32.1060  4831.0000
   -0.1039     0.0301     0.2184     0.0354    31.9380  4831.0000
   -0.0999     0.0298     0.2184     0.0351    31.9920  4831.0000
   -0.0959     0.0300     0.2184     0.0353    31.9500  4831.0000
   -0.0919     0.0304     0.2184     0.0357    31.6440  4831.0000
   -0.0879     0.0305     0.2184     0.0358    31.4460  4831.0000
   -0.0839     0.0300     0.2184     0.0353    31.7820  4831.0000
   -0.0839     0.0303     0.2184     0.0356    31.5120  4831.0000
   -0.0760     0.0304     0.2184     0.0357    31.4400  4831.0000
   -0.0720     0.0298     0.2184     0.0351    31.8960  4831.0000
   -0.0579     0.0310     0.2184     0.0364    31.3740  4831.0000
   -0.0389     0.0312     0.2184     0.0365    31.3620  4831.0000
   -0.0198     0.0295     0.2184     0.0347    31.7640  4831.0000
   -0.0286     0.0302     0.2184     0.0353    31.4760  4831.0000
   -0.0477     0.0312     0.2184     0.0365    31.2660  4831.0000
   -0.0479     0.0316     0.2184     0.0369    31.0980  4831.0000
   -0.0439     0.0327     0.2184     0.0380    30.6300  4831.0000
   -0.0399     0.0319     0.2184     0.0371    30.7560  4831.0000
   -0.0359     0.0321     0.2184     0.0372    30.5820  4831.0000
   -0.0319     0.0309     0.2184     0.0358    30.4560  4831.0000
   -0.0279     0.0317     0.2184     0.0367    30.3300  4831.0000
   -0.0239     0.0317     0.2184     0.0367    30.4020  4831.0000
   -0.0200     0.0324     0.2184     0.0375    30.2460  4831.0000
   -0.0160     0.0315     0.2184     0.0365    30.5280  4831.0000
   -0.0120     0.0308     0.2184     0.0359    30.8820  4831.0000
   -0.0080     0.0313     0.2184     0.0365    30.7260  4831.0000
   -0.0040     0.0302     0.2184     0.0352    30.9360  4831.0000
    0.0000     0.0323     0.2184     0.0374    30.2760  4831.0000
    0.0040     0.0318     0.2184     0.0369    30.5100  4831.0000
    0.0080     0.0330     0.2184     0.0382    30.3780  4831.0000
    0.0120     0.0331     0.2184     0.0383    30.3420  4831.0000
    0.0160     0.0333     0.2184     0.0386    30.4620  4831.0000
    0.0200     0.0332     0.2184     0.0385    30.4440  4831.0000
    0.0240     0.0322     0.2184     0.0375    30.6360  4831.0000
    0.0280     0.0313     0.2184     0.0363    30.4920  4831.0000
    0.0320     0.0308     0.2184     0.0358    30.6900  4831.0000
    0.0320     0.0318     0.2184     0.0369    30.4260  4831.0000
    0.0400     0.0330     0.2184     0.0382    30.2460  4831.0000
    0.0440     0.0340     0.2184     0.0393    30.0900  4831.0000
    0.0480     0.0340     0.2184     0.0393    29.9700  4831.0000
    0.0520     0.0347     0.2184     0.0399    29.7720  4831.0000
    0.0560     0.0345     0.2184     0.0398    29.7300  4831.0000
    0.0600     0.0348     0.2184     0.0400    29.7840  4831.0000
    0.0640     0.0331     0.2184     0.0383    30.1620  4831.0000
    0.0680     0.0336     0.2184     0.0389    30.0840  4831.0000
    0.0720     0.0340     0.2184     0.0392    29.9640  4831.0000
    0.0760     0.0343     0.2184     0.0396    29.8980  4831.0000
    0.0799     0.0348     0.2184     0.0399    29.4900  4831.0000
    0.0839     0.0344     0.2184     0.0396    29.5920  4831.0000
    0.0879     0.0335     0.2184     0.0386    29.8920  4831.0000
    0.0919     0.0340     0.2184     0.0392    30.0540  4831.0000
    0.0959     0.0353     0.2184     0.0407    29.8260  4831.0000
    0.0999     0.0345     0.2184     0.0398    29.9280  4831.0000
    0.1039     0.0353     0.2184     0.0406    29.6640  4831.0000
    0.1079     0.0375     0.2184     0.0430    29.3760  4831.0000
    0.1119     0.0375     0.2184     0.0431    29.5800  4831.0000
    0.1159     0.0371     0.2184     0.0428    29.8080  4831.0000
    0.1200     0.0360     0.2184     0.0417    30.2400  4831.0000
    0.1240     0.0358     0.2184     0.0415    30.2220  4831.0000
    0.1280     0.0353     0.2184     0.0410    30.4080  4831.0000
    0.1320     0.0338     0.2184     0.0393    30.5760  4831.0000
    0.1360     0.0348     0.2184     0.0403    30.3780  4831.0000
    0.1400     0.0359     0.2184     0.0416    30.2760  4831.0000
    0.1440     0.0359     0.2184     0.0415    30.2700  4831.0000
    0.1480     0.0360     0.2184     0.0417    30.2700  4831.0000
    0.1520     0.0370     0.2184     0.0427    30.0120  4831.0000
    0.1560     0.0384     0.2184     0.0442    29.6880  4831.0000
    0.1600     0.0390     0.2184     0.0447    29.4180  4831.0000
    0.1640     0.0385     0.2184     0.0442    29.4480  4831.0000
    0.1680     0.0394     0.2184     0.0452    29.2500  4831.0000
    0.1720     0.0395     0.2184     0.0452    29.2260  4831.0000
    0.1760     0.0391     0.2184     0.0449    29.2440  4831.0000
    0.1800     0.0395     0.2184     0.0452    29.0460  4831.0000
    0.1840     0.0392     0.2184     0.0448    29.0580  4831.0000
    0.1880     0.0395     0.2184     0.0451    28.8420  4831.0000
    0.1920     0.0397     0.2184     0.0454    28.8600  4831.0000
    0.1960     0.0395     0.2184     0.0451    28.9080  4831.0000
    0.2000     0.0414     0.2184     0.0471    28.5540  4831.0000
    0.2039     0.0404     0.2184     0.0461    28.8420  4831.0000
    0.2079     0.0408     0.2184     0.0465    28.6920  4831.0000
    0.2119     0.0414     0.2184     0.0471    28.5720  4831.0000
    0.2159     0.0419     0.2184     0.0477    28.5840  4831.0000
    0.2199     0.0425     0.2184     0.0483    28.4760  4831.0000
    3.2780     0.0398     0.2184     0.0454    28.9020  4831.0000
    0.2279     0.0413     0.2184     0.0470    28.6260  4831.0000
    0.2319     0.0427     0.2184     0.0486    28.3920  4831.0000
    0.2360     0.0427     0.2184     0.0485    28.3500  4831.0000
    3.5140     0.0439     0.2184     0.0498    28.0680  4831.0000
    0.2440     0.0435     0.2184     0.0493    28.1760  4831.0000
    0.2480     0.0445     0.2184     0.0504    28.0320  4831.0000
    0.2520     0.0457     0.2184     0.0517    27.8340  4831.0000
    0.2560     0.0452     0.2184     0.0511    27.8940  4831.0000
    0.2600     0.0440     0.2184     0.0498    28.0620  4831.0000
    0.2640     0.0427     0.2184     0.0484    28.2660  4831.0000
    0.2680     0.0440     0.2184     0.0498    28.0740  4831.0000
    0.2720     0.0451     0.2184     0.0510    27.8640  4831.0000
    0.2760     0.0444     0.2184     0.0502    27.9300  4831.0000
    0.2800     0.0452     0.2184     0.0511    27.9060  4831.0000
    0.2840     0.0458     0.2184     0.0518    27.9480  4831.0000
    0.2880     0.0468     0.2184     0.0530    27.9480  4831.0000
    0.2920     0.0461     0.2184     0.0521    27.9420  4831.0000
    0.2960     0.0469     0.2184     0.0530    27.7800  4831.0000
    0.3000     0.0475     0.2184     0.0536    27.5940  4831.0000
    0.3040     0.0469     0.2184     0.0529    27.6480  4831.0000
    0.3080     0.0464     0.2184     0.0523    27.6240  4831.0000
    0.3120     0.0473     0.2184     0.0533    27.5760  4831.0000
    0.3160     0.0489     0.2184     0.0552    27.4980  4831.0000
    0.3200     0.0482     0.2184     0.0543    27.4080  4831.0000
    7.0000     0.0484     0.2184     0.0545    27.2640  4831.0000
    0.3280     0.0466     0.2184     0.0525    27.4440  4831.0000
    0.3320     0.0473     0.2184     0.0532    27.3840  4831.0000
    0.3359     0.0481     0.2184     0.0541    27.3240  4831.0000
    0.3399     0.0486     0.2184     0.0547    27.1680  4831.0000
    0.3440     0.0488     0.2184     0.0548    27.0300  4831.0000
    0.3480     0.0483     0.2184     0.0543    27.1800  4831.0000
    0.3520     0.0481     0.2184     0.0541    27.1740  4831.0000
    0.3560     0.0482     0.2184     0.0541    27.0360  4831.0000
    0.3600     0.0496     0.2184     0.0555    26.7420  4831.0000
    0.3640     0.0491     0.2184     0.0550    26.7360  4831.0000
    0.3680     0.0481     0.2184     0.0541    27.1080  4831.0000
    0.3720     0.0488     0.2184     0.0548    27.0660  4831.0000
    0.3760     0.0482     0.2184     0.0542    27.0900  4831.0000
    0.3800     0.0470     0.2184     0.0527    27.1080  4831.0000
    0.3840     0.0461     0.2184     0.0518    27.3420  4831.0000
    0.3880     0.0464     0.2184     0.0522    27.3780  4831.0000
    0.3920     0.0459     0.2184     0.0518    27.4980  4831.0000
    0.3960     0.0455     0.2184     0.0512    27.4320  4831.0000
    0.4000     0.0469     0.2184     0.0526    27.0060  4831.0000
    0.4040     0.0464     0.2184     0.0521    27.0780  4831.0000
    0.4080     0.0449     0.2184     0.0505    27.1740  4831.0000
    0.4120     0.0454     0.2184     0.0509    26.9220  4831.0000
    0.4160     0.0445     0.2184     0.0500    27.0540  4831.0000
    0.4200     0.0444     0.2184     0.0498    26.9520  4831.0000
    0.4240     0.0438     0.2184     0.0493    27.2460  4831.0000
    0.4280     0.0437     0.2184     0.0492    27.2760  4831.0000
    0.4320     0.0445     0.2184     0.0499    26.9880  4831.0000
    0.4360     0.0449     0.2184     0.0504    27.0480  4831.0000
    0.4400     0.0422     0.2184     0.0476    27.5100  4831.0000
    0.4440     0.0437     0.2184     0.0492    27.2580  4831.0000
    0.4480     0.0451     0.2184     0.0506    26.8920  4831.0000
    0.4520     0.0464     0.2184     0.0518    26.5380  4831.0000
    0.4560     0.0461     0.2184     0.0515    26.5620  4831.0000
    0.4599     0.0445     0.2184     0.0500    27.1500  4831.0000
    0.4639     0.0430     0.2184     0.0485    27.6960  4831.0000
    0.4679     0.0449     0.2184     0.0505    27.2340  4831.0000
    0.4720     0.0459     0.2184     0.0516    27.1320  4831.0000
    0.4760     0.0460     0.2184     0.0516    27.0780  4831.0000
    0.4800     0.0456     0.2184     0.0513    27.0840  4831.0000
    0.4840     0.0449     0.2184     0.0505    27.2700  4831.0000
    0.4880     0.0447     0.2184     0.0504    27.4260  4831.0000
    0.4920     0.0433     0.2184     0.0489    27.6600  4831.0000
    0.4960     0.0434     0.2184     0.0489    27.4860  4831.0000
    0.5000     0.0438     0.2184     0.0493    27.2640  4831.0000
