-0.2000000000 0.0001645990 0.0003456790 0.0002120440 64.5360000000 4832.0000000000
-0.1920000000 0.0001646890 0.0003416260 0.0002084090 64.2600000000 4832.0000000000
-0.1840000000 0.0001648080 0.0003335790 0.0002012260 63.7020000000 4832.0000000000
-0.1760000000 0.0001649570 0.0003231780 0.0001919870 62.9580000000 4832.0000000000
-0.1680000000 0.0001651950 0.0003113770 0.0001816460 62.0520000000 4832.0000000000
-0.1600000000 0.0001654340 0.0002987400 0.0001706490 61.0200000000 4832.0000000000
-0.1520000000 0.0001657020 0.0002856870 0.0001594140 59.8860000000 4832.0000000000
-0.1440000000 0.0001659400 0.0002723350 0.0001480890 58.6440000000 4832.0000000000
-0.1360000000 0.0001661790 0.0002588050 0.0001367340 57.2940000000 4832.0000000000
-0.1280000000 0.0001664470 0.0002451860 0.0001254990 55.8240000000 4832.0000000000
-0.1200000000 0.0001666850 0.0002315350 0.0001144410 54.2460000000 4832.0000000000
-0.1120000000 0.0001669830 0.0002177960 0.0001035930 52.5240000000 4832.0000000000
-0.1040000000 0.0001672220 0.0002040280 0.0000929539 50.6640000000 4832.0000000000
-0.0960000000 0.0001674900 0.0001901990 0.0000826125 48.6300000000 4832.0000000000
-0.0880000000 0.0001676990 0.0001763710 0.0000725393 46.4400000000 4832.0000000000
-0.0800000000 0.0001679670 0.0001624830 0.0000628834 44.0520000000 4832.0000000000
-0.0720000000 0.0001682050 0.0001485950 0.0000535848 41.4600000000 4832.0000000000
-0.0640000000 0.0001684440 0.0001346780 0.0000448229 38.6460000000 4832.0000000000
-0.0560000000 0.0001686820 0.0001206700 0.0000365975 35.5800000000 4832.0000000000
-0.0480000000 0.0001689800 0.0001067520 0.0000290574 32.2860000000 4832.0000000000
-0.0400000000 0.0001692480 0.0000928049 0.0000221730 28.7400000000 4832.0000000000
-0.0320000000 0.0001694870 0.0000788276 0.0000160636 24.9420000000 4832.0000000000
-0.0240000000 0.0001697550 0.0000648503 0.0000108779 20.9100000000 4832.0000000000
-0.0160000000 0.0001700230 0.0000509026 0.0000066460 16.6680000000 4832.0000000000
-0.0080000000 0.0001701720 0.0000422599 0.0000044704 13.9440000000 4832.0000000000
0.0000000000 0.0001704110 0.0000277759 0.0000018180 9.2640000000 4832.0000000000
0.0080000000 0.0001709170 -0.0000005364 0.0000000894 -0.1740000000 4832.0000000000
0.0160000000 0.0001713340 -0.0000199379 0.0000016391 -6.6300000000 4832.0000000000
0.0240000000 0.0001714830 -0.0000278057 0.0000028610 -9.2100000000 4832.0000000000
0.0320000000 0.0001717220 -0.0000379386 0.0000050068 -12.4500000000 4832.0000000000
0.0400000000 0.0001719310 -0.0000495615 0.0000080765 -16.0740000000 4832.0000000000
0.0480000000 0.0001721990 -0.0000621979 0.0000122488 -19.8540000000 4832.0000000000
0.0560000000 0.0001724370 -0.0000752811 0.0000173153 -23.5800000000 4832.0000000000
0.0640000000 0.0001727050 -0.0000887518 0.0000233353 -27.1920000000 4832.0000000000
0.0720000000 0.0001729740 -0.0001023120 0.0000301303 -30.6000000000 4832.0000000000
0.0800000000 0.0001732420 -0.0001160210 0.0000376406 -33.8040000000 4832.0000000000
0.0880000000 0.0001735400 -0.0001297600 0.0000458362 -36.7860000000 4832.0000000000
0.0960000000 0.0001738380 -0.0001435290 0.0000545683 -39.5460000000 4832.0000000000
0.1040000000 0.0001740760 -0.0001573570 0.0000638072 -42.1080000000 4832.0000000000
0.1120000000 0.0001743150 -0.0001712450 0.0000734930 -44.4840000000 4832.0000000000
0.1200000000 0.0001746430 -0.0001852520 0.0000837450 -46.6860000000 4832.0000000000
0.1280000000 0.0001748810 -0.0001993190 0.0000943248 -48.7320000000 4832.0000000000
0.1360000000 0.0001752090 -0.0002134150 0.0001052620 -50.6100000000 4832.0000000000
0.1440000000 0.0001754470 -0.0002274820 0.0001164380 -52.3500000000 4832.0000000000
0.1520000000 0.0001757450 -0.0002415490 0.0001278530 -53.9580000000 4832.0000000000
0.1600000000 0.0001760130 -0.0002556760 0.0001395650 -55.4520000000 4832.0000000000
0.1680000000 0.0001763110 -0.0002698620 0.0001514860 -56.8380000000 4832.0000000000
0.1760000000 0.0001765800 -0.0002840780 0.0001636160 -58.1280000000 4832.0000000000
0.1840000000 0.0001768480 -0.0002983230 0.0001759540 -59.3340000000 4832.0000000000
0.1920000000 0.0001771160 -0.0003125690 0.0001884110 -60.4560000000 4832.0000000000
0.2000000000 0.0001773840 -0.0003268440 0.0002010180 -61.5060000000 4832.0000000000
